0.027191
0.027191
0.034380
0.045520
0.059640
0.051460
0.059315
0.064625
0.081890
0.089674
0.110274
0.123229
0.135989
0.111752
0.146486
0.143502
0.185167
0.224896
0.219809
0.200551
0.200551
0.199911
0.191450
0.191450
0.188654
0.186547
0.196080
0.169344
0.169344
0.122867
0.094399
0.094408
0.117277
0.119543
0.096718
0.103777
0.100099
0.100099
0.115664
0.115664
0.135762
0.152941
0.134076
0.132417
0.136529
0.136529
0.136529
0.137071
0.119797
0.134627
0.106064
0.092794
0.085846
0.121793
0.121793
0.122662
0.123726
0.104123
0.092053
0.121848
0.144103
0.109029
0.100241
0.084811
0.123605
0.162892
0.200904
0.229747
0.255710
0.255710
0.304641
0.342672
0.342672
0.364057
0.417904
0.415450
0.386942
0.367684
0.350332
0.357965
0.294911
0.294911
0.241655
0.209810
0.211197
0.183468
0.194872
0.201720
0.205709
0.243098
0.219083
0.200325
0.233542
0.284095
0.297449
0.317900
0.283348
0.315205
0.288127
0.256681
0.236083
0.248030
0.243718
0.243718
0.244770
0.273426
0.289715
0.325675
0.349077
0.330436
0.330436
0.343554
0.377351
0.377351
0.326256
0.344078
0.357193
0.357193
0.410989
0.431240
0.431240
0.413794
0.430333
0.412912
0.488337
0.488337
0.556573
0.574346
0.565241
0.565241
0.512127
0.501882
0.478699
0.466697
0.594716
0.592706
0.614974
0.614974
0.634206
0.634022
0.606306
0.612800
0.661648
0.720585
0.675038
0.655159
0.777404
0.700460
0.649165
0.735712
0.694657
0.664278
0.656107
0.656107
0.590665
0.597262
0.597262
0.567797
0.626614
0.578938
0.606280
0.613860
0.624764
0.518333
0.522830
0.522830
0.532500
0.536225
0.536225
0.591055
0.591055
0.490054
0.485647
0.485647
0.485647
0.554863
0.556583
0.624073
0.697703
0.697703
0.752513
0.666681
0.594646
0.496990
0.458323
0.449731
0.444014
0.444151
0.427821
0.394237
0.473638
0.443429
0.372708
0.372708
0.372708
0.342887
0.294136
0.314908
0.314908
0.314908
0.295565
0.356689
0.373378
0.426630
0.426630
0.485703
0.460645
0.395736
0.379906
0.366638
0.370615
0.370615
0.333210
0.374560
0.362453
0.387492
0.407912
0.367456
0.265415
0.276121
0.244211
0.210090
0.189622
0.208598
0.200374
0.200105
0.251604
0.252853
0.252853
0.252853
0.244747
0.287242
0.287242
0.314283
0.305607
0.284558
0.284558
0.278513
0.236445
0.200898
0.209430
0.253378
0.278782
0.325917
0.325917
0.336767
0.308696
0.328695
0.346764
0.322470
0.312587
0.268333
0.268333
0.265381
0.265381
0.323224
0.319246
0.279523
0.248739
0.248739
0.222399
0.222399
0.216281
0.201000
0.227588
0.182480
0.217194
0.219057
0.238826
0.271772
0.269366
0.306423
0.318984
0.320646
0.323913
0.339134
0.375151
0.327161
0.327801
0.303508
0.309818
0.309818
0.285476
0.303437
0.311419
0.269628
0.248151
0.314803
0.300938
0.251605
0.251605
0.210336
0.168841
0.208892
0.194453
0.197339
0.249143
0.242991
0.264405
0.286394
0.260367
0.237836
0.211305
0.211305
0.224197
0.173081
0.173081
0.168437
0.168437
0.182533
0.172255
0.172255
0.161529
0.164754
0.153461
0.206555
0.176903
0.152937
0.138680
0.132587
0.123071
0.123071
0.086786
0.057516
0.062718
0.080991
0.098419
0.098419
0.084984
0.092974
0.131373
0.131373
0.136417
0.111275
0.138220
0.138775
0.138775
0.147763
0.135179
0.138668
0.163165
0.123368
0.075389
0.081816
0.094230
0.105373
0.096009
0.135226
0.089196
0.073202
0.073760
0.078026
0.073194
0.073194
0.073194
0.104724
0.094957
0.089117
0.065826
0.043661
0.041694
0.069912
0.067957
0.071595
0.038020
0.032396
0.044338
0.052900
0.052900
0.083282
0.077824
0.082372
0.072407
0.072407
0.110150
0.147198
0.169587
0.201684
0.201684
0.198710
0.213886
0.195332
0.206668
0.222273
0.222273
0.210470
0.221898
0.189850
0.181432
0.154078
0.154078
0.199218
0.191395
0.247513
0.173149
0.153502
0.110474
0.099987
0.106773
0.106773
0.106773
0.083889
0.138154
0.138154
0.108399
0.101863
0.149344
0.156725
0.157376
0.233821
0.308272
0.319869
0.319869
0.342676
0.293816
0.247483
0.212057
0.196913
0.209813
0.193808
0.162193
0.185296
0.246647
0.246647
0.218261
0.242290
0.238542
0.238542
0.219587
0.204129
0.180381
0.201505
0.218228
0.198576
0.223435
0.213223
0.201071
0.210572
0.216693
0.264444
0.302150
0.261748
0.249642
0.233798
0.233798
0.241697
0.262859
0.231023
0.213201
0.213201
0.181157
0.157462
0.157462
0.157765
0.187391
0.190156
0.182919
0.172707
0.182605
0.180857
0.203925
0.203925
0.275186
0.273892
0.273892
0.216480
0.168952
0.135331
0.134951
0.147279
0.165389
0.158976
0.154533
0.158731
0.149185
0.181442
0.163179
0.199293
0.199293
0.218519
0.218519
0.189308
0.182174
0.204148
0.216442
0.208337
0.203601
0.183788
0.168300
0.196782
0.196782
0.179617
0.185867
0.208665
0.184820
0.184820
0.161136
0.161136
0.144423
0.161668
0.158938
0.170585
0.161449
0.161449
0.118553
0.127328
0.127328
0.158160
0.146535
0.200422
0.216472
0.217346
0.217346
0.154063
0.155244
0.175904
0.172635
0.172635
0.172635
0.169915
0.174044
0.187020
0.163512
0.159198
0.159198
0.159198
0.159198
0.145484
0.148079
0.161812
0.165892
0.136043
0.124138
0.181774
0.168867
0.155086
0.151216
0.193762
0.198010
0.195167
0.221111
0.227795
0.223795
0.233211
0.245858
0.245968
0.256760
0.277377
0.274882
0.271598
0.244493
0.232179
0.214743
0.249180
0.244195
0.244195
0.273250
0.271640
0.271640
0.305181
0.333261
0.301224
0.360777
0.362122
0.304568
0.304568
0.304568
0.355462
0.340558
0.354622
0.349131
0.291543
0.291543
0.283662
0.302505
0.257814
0.237492
0.261419
0.277644
0.297066
0.273216
0.239067
0.265198
0.265198
0.243750
0.202177
0.179800
0.148854
0.177632
0.168056
0.211782
0.203149
0.222372
0.222372
0.264069
0.262782
0.253022
0.251048
0.315913
0.256136
0.203797
0.222460
0.188908
0.176300
0.152795
0.156398
0.144641
0.133367
0.141912
0.130318
0.130318
0.125346
0.125346
0.129596
0.122370
0.111127
0.124775
0.132474
0.135794
0.136652
0.130619
0.146345
0.109127
0.109701
0.105318
0.149522
0.145755
0.184009
0.146347
0.141455
0.106408
0.106408
0.106408
0.122412
0.098550
0.080553
0.101699
0.094097
0.098245
0.105052
0.098803
0.098803
0.091000
0.090088
0.099196
0.077574
0.108543
0.100535
0.078412
0.098383
0.082585
0.091520
0.091918
0.091918
0.131197
0.127726
0.141237
0.144822
0.098189
0.075908
0.065252
0.041821
0.043066
0.047146
0.044748
0.048782
0.045759
0.035325
0.035325
0.043865
0.035902
0.031421
0.040531
0.072348
0.100750
0.109161
0.125979
0.116467
0.072101
0.075772
0.075772
0.099964
0.109898
0.112620
0.124321
0.084400
0.105501
0.105501
0.118580
0.123519
0.121015
0.132202
0.135904
0.097579
0.097579
0.099858
0.086428
0.077815
0.084332
0.083881
0.111523
0.111523
0.120294
0.090558
0.114957
0.133441
0.118184
0.102644
0.157306
0.160292
0.133693
0.146945
0.186222
0.168074
0.168074
0.171747
0.171189
0.171189
0.145196
0.131286
0.141753
0.172612
0.183686
0.189360
0.163277
0.140461
0.163091
0.195794
0.171250
0.171250
0.182355
0.140428
0.172292
0.170636
0.188252
0.175765
0.148627
0.142192
0.154421
0.138168
0.131358
0.156277
0.185906
0.201776
0.201776
0.186772
0.218607
0.241323
0.244598
0.244598
0.244598
0.232842
0.204061
0.172907
0.167364
0.167364
0.186119
0.195067
0.215282
0.231065
0.251683
0.214439
0.210678
0.191720
0.201213
0.207530
0.226287
0.201080
0.170333
0.164384
0.182440
0.151528
0.140583
0.170764
0.162264
0.159981
0.141600
0.150315
0.186209
0.187332
0.168910
0.178050
0.200612
0.245474
0.206898
0.193797
0.219906
0.227798
0.227798
0.182749
0.187783
0.187783
0.165010
0.178809
0.143062
0.134280
0.153333
0.127192
0.163670
0.163670
0.140715
0.173727
0.225912
0.276481
0.269253
0.334769
0.354005
0.357914
0.320833
0.320833
0.319468
0.311767
0.311767
0.259749
0.278960
0.278960
0.278960
0.301940
0.301940
0.264216
0.225176
0.218287
0.219593
0.221634
0.204806
0.177459
0.198521
0.191913
0.165714
0.189199
0.214739
0.221075
0.237189
0.237189
0.200663
0.218212
0.218751
0.200781
0.206036
0.206036
0.204837
0.204837
0.199102
0.182667
0.207432
0.227354
0.227354
0.234797
0.232919
0.200308
0.224240
0.197423
0.197423
0.157077
0.155926
0.178563
0.178563
0.192042
0.196802
0.170576
0.160247
0.142248
0.142248
0.142248
0.171983
0.160084
0.141631
0.135405
0.117098
0.110550
0.110550
0.112108
0.110564
0.162030
0.153841
0.145660
0.140454
0.140454
0.126341
0.095044
0.089773
0.129455
0.127428
0.127428
0.140238
0.153349
0.173662
0.187534
0.181590
0.172870
0.171715
0.156021
0.139016
0.118146
0.129696
0.149198
0.145570
0.151973
0.158334
0.163477
0.147567
0.107767
0.107767
0.124822
0.124822
0.124822
0.144062
0.125475
0.138635
0.133961
0.119207
0.119207
0.116249
0.089768
0.074301
0.103378
0.139822
0.121286
0.121286
0.116882
0.086993
0.103989
0.104729
0.104729
0.112941
0.132041
0.154145
0.122227
0.137063
0.134797
0.128695
0.177546
0.188949
0.172564
0.151242
0.175423
0.194028
0.194028
0.218656
0.207433
0.187155
0.245985
0.227178
0.262110
0.253556
0.208214
0.250696
0.257351
0.281253
0.227972
0.180631
0.212014
0.227186
0.214461
0.202187
0.234070
0.294390
0.349625
0.326613
0.355520
0.430086
0.430086
0.354183
0.357592
0.374978
0.333175
0.282067
0.261656
0.288079
0.280199
0.247384
0.208462
0.208462
0.186570
0.186023
0.219972
0.254343
0.254343
0.270046
0.304611
0.260896
0.260896
0.193833
0.186736
0.197088
0.183126
0.185229
0.170868
0.163260
0.167232
0.167232
0.106342
0.093496
0.128659
0.137324
0.134370
0.103868
0.114415
0.078284
0.078836
0.056563
0.053235
0.053557
0.035954
0.035954
0.039229
0.045715
0.054863
0.055897
0.025747
0.021601
0.036680
0.043957
0.058339
0.056884
0.058892
0.074398
0.059761
0.056858
0.057038
0.054191
0.054191
0.058611
0.073810
0.095373
0.095373
0.111072
0.084237
0.088055
0.096471
0.082460
0.096268
0.096268
0.116740
0.126708
0.121595
0.135270
0.109611
0.093692
0.090096
0.072862
0.063608
0.059117
0.059117
0.100195
0.086949
0.102552
0.091240
0.075034
0.077565
0.071522
0.074451
0.097802
0.078265
0.071388
0.091151
0.091151
0.099288
0.102034
0.098831
0.095178
0.099104
0.120806
0.120806
0.143769
0.127527
0.163301
0.165656
0.151757
0.153989
0.147810
0.174734
0.142396
0.174449
0.147275
0.166836
0.167196
0.167196
0.160461
0.154076
0.144073
0.131801
0.134629
0.153136
0.187701
0.187701
0.202981
0.214174
0.195654
0.182204
0.183578
0.173616
0.130480
0.153959
0.153959
0.149207
0.143960
0.143960
0.135271
0.122519
0.142184
0.143472
0.155133
0.182632
0.189329
0.174642
0.186522
0.197512
0.196682
0.189251
0.181852
0.187981
0.135900
0.107501
0.123404
0.143236
0.147448
0.175937
0.193945
0.215321
0.229864
0.264527
0.264527
0.295352
0.230348
0.230348
0.209158
0.213276
0.197732
0.229953
0.235908
0.235908
0.208805
0.189878
0.161547
0.161547
0.161547
0.225871
0.209285
0.213761
0.218507
0.218030
0.212724
0.255916
0.255916
0.304872
0.318294
0.377948
0.408892
0.430946
0.419234
0.486791
0.511487
0.511487
0.507008
0.460263
0.455049
0.426566
0.432437
0.454355
0.409799
0.390824
0.340732
0.332849
0.312743
0.312743
0.239266
0.227200
0.223887
0.223887
0.200230
0.188686
0.184929
0.186378
0.212626
0.218443
0.243585
0.268481
0.294741
0.247692
0.247692
0.302931
0.350317
0.328832
0.315964
0.333618
0.304763
0.268307
0.242926
0.231352
0.231352
0.251689
0.272965
0.301687
0.278393
0.328067
0.307430
0.305461
0.303792
0.307885
0.280326
0.295108
0.263076
0.263101
0.256662
0.288588
0.312672
0.313696
0.309177
0.299659
0.299659
0.299659
0.339551
0.295054
0.270235
0.260305
0.295844
0.290812
0.290812
0.299381
0.301984
0.338884
0.363034
0.347150
0.357649
0.405645
0.406689
0.406689
0.386885
0.363764
0.342128
0.286671
0.286671
0.316953
0.294756
0.283540
0.270824
0.248482
0.290285
0.319827
0.289372
0.331656
0.323169
0.307116
0.349217
0.373576
0.342646
0.336368
0.485993
0.488569
0.503662
0.444981
0.444981
0.332405
0.316625
0.288144
0.287712
0.258343
0.276471
0.260776
0.268538
0.288410
0.274589
0.274589
0.221387
0.183847
0.154007
0.154007
0.148030
0.127268
0.118927
0.104796
0.113158
0.133207
0.122899
0.120202
0.117753
0.121252
0.129848
0.138675
0.208139
0.211104
0.210766
0.220585
0.220585
0.222616
0.227770
0.262512
0.259148
0.298171
0.294707
0.315719
0.283213
0.249433
0.266197
0.323779
0.312217
0.316442
0.320575
0.320575
0.297549
0.371553
0.372467
0.297177
0.321571
0.280558
0.336308
0.317187
0.317187
0.307776
0.272279
0.279846
0.279846
0.268163
0.297255
0.297049
0.278461
0.270495
0.252167
0.285303
0.294548
0.350565
0.368225
0.368225
0.368225
0.329846
0.329846
0.380464
0.436582
0.536645
0.518596
0.461444
0.469778
0.387072
0.431915
0.431915
0.439431
0.412513
0.432863
0.395988
0.424466
0.466619
0.461599
0.441029
0.411030
0.385284
0.427723
0.446955
0.456015
0.492468
0.447161
0.388252
0.360887
0.360887
0.335743
0.268924
0.422979
0.389652
0.443757
0.487662
0.502535
0.547751
0.538713
0.499062
0.476264
0.458661
0.491251
0.491251
0.430797
0.459733
0.417003
0.373422
0.380632
0.292152
0.292343
0.292343
0.264506
0.264506
0.296889
0.261600
0.279959
0.279959
0.251464
0.251464
0.236021
0.275217
0.254546
0.278929
0.278929
0.278929
0.278929
0.286086
0.286086
0.286086
0.246993
0.269680
0.191202
0.159896
0.183817
0.175667
0.217238
0.267457
0.267457
0.267457
0.300542
0.344931
0.344931
0.371308
0.312634
0.282205
0.317265
0.318317
0.331910
0.320567
0.262898
0.291064
0.273590
0.270978
0.296758
0.296758
0.320411
0.345208
0.317437
0.288914
0.275789
0.209746
0.207842
0.214319
0.221530
0.198223
0.241280
0.225401
0.196495
0.214199
0.214199
0.162396
0.163245
0.171138
0.168143
0.216400
0.275645
0.281323
0.348268
0.296494
0.297604
0.285537
0.240258
0.260679
0.260679
0.265928
0.285906
0.257790
0.275040
0.261300
0.228212
0.228566
0.212377
0.220198
0.227208
0.227208
0.239314
0.252772
0.247402
0.284773
0.295735
0.314468
0.282269
0.217601
0.212837
0.244698
0.232435
0.192162
0.175501
0.135738
0.174345
0.146764
0.157895
0.179622
0.169850
0.169850
0.153703
0.172611
0.164340
0.164340
0.163144
0.183427
0.187925
0.141758
0.182968
0.186585
0.202920
0.232012
0.244183
0.249868
0.247431
0.276254
0.276996
0.276996
0.269806
0.283967
0.293928
0.290724
0.290724
0.250893
0.281958
0.360052
0.391432
0.406750
0.320239
0.320239
0.285484
0.255078
0.277796
0.277796
0.254338
0.264111
0.266875
0.266875
0.256452
0.310855
0.293950
0.316414
0.320961
0.320961
0.322812
0.372929
0.346349
0.318101
0.318101
0.318101
0.297447
0.285540
0.290222
0.290222
0.293253
0.294108
0.298988
0.240136
0.240136
0.246117
0.293890
0.293890
0.293890
0.293890
0.312392
0.312392
0.312392
0.300164
0.311668
0.311668
0.311668
0.310428
0.310428
0.317297
0.314009
0.314009
0.314009
0.350482
0.303447
0.303447
0.313839
0.314251
0.334546
0.334546
0.334546
0.292007
0.285702
0.256783
0.241336
0.240032
0.255188
0.255632
0.239951
0.264534
0.281954
0.281401
0.320459
0.326983
0.341825
0.293927
0.281290
0.286459
0.283306
0.283306
0.260300
0.269951
0.269951
0.248829
0.217840
0.205453
0.205612
0.221217
0.225856
0.225856
0.181915
0.198705
0.225858
0.225858
0.212739
0.194592
0.194592
0.194592
0.187491
0.143069
0.127156
0.142766
0.129336
0.113725
0.116236
0.116236
0.172719
0.174648
0.164966
0.174079
0.176582
0.158471
0.158471
0.164549
0.176945
0.152729
0.168898
0.167896
0.168759
0.176092
0.154641
0.128294
0.118120
0.118120
0.101183
0.101183
0.101183
0.101183
0.112408
0.107023
0.120120
0.161180
0.202028
0.234323
0.183223
0.183857
0.165788
0.156354
0.177655
0.158821
0.205932
0.165275
0.154152
0.144565
0.184967
0.183393
0.204395
0.204395
0.194711
0.206478
0.206478
0.230414
0.197192
0.197192
0.172821
0.140827
0.125106
0.101358
0.123878
0.112101
0.104675
0.097336
0.104517
0.113304
0.125426
0.134642
0.163920
0.133634
0.133634
0.109075
0.109075
0.105455
0.110909
0.156777
0.197514
0.277465
0.277465
0.335285
0.335285
0.319383
0.319383
0.305322
0.300600
0.261258
0.280514
0.270791
0.249065
0.245819
0.245819
0.247481
0.242748
0.234010
0.236455
0.229133
0.208740
0.195808
0.192561
0.184779
0.204944
0.169629
0.195434
0.178749
0.196388
0.199463
0.221779
0.142086
0.154554
0.154813
0.115992
0.151464
0.196553
0.220334
0.244726
0.237249
0.237249
0.237249
0.189505
0.189505
0.176219
0.180835
0.178985
0.185728
0.171707
0.133044
0.138570
0.154096
0.173548
0.231769
0.241584
0.239276
0.213422
0.213422
0.240109
0.211124
0.159504
0.173229
0.202277
0.151853
0.142721
0.124711
0.109743
0.109743
0.128947
0.128947
0.128947
0.143217
0.162423
0.162423
0.225835
0.195936
0.228383
0.265980
0.306581
0.373696
0.403790
0.371833
0.380866
0.370892
0.370705
0.370705
0.382277
0.382277
0.343081
0.343081
0.343081
0.348412
0.309996
0.324678
0.311065
0.312519
0.333121
0.373752
0.379189
0.374104
0.341740
0.356214
0.356214
0.359779
0.367215
0.300244
0.347748
0.362962
0.353188
0.353188
0.353188
0.343008
0.368010
0.394201
0.378389
0.398262
0.405639
0.405639
0.399506
0.399795
0.409202
0.410444
0.372100
0.326017
0.361369
0.345969
0.358374
0.342345
0.333642
0.375198
0.410732
0.410732
0.410732
0.347416
0.276573
0.326289
0.326289
0.325525
0.364840
0.318834
0.336130
0.362890
0.398866
0.371091
0.397477
0.387143
0.373185
0.373185
0.373185
0.312671
0.293900
0.257417
0.287026
0.287026
0.278526
0.318194
0.343928
0.343928
0.339894
0.333897
0.352318
0.362901
0.362901
0.330054
0.332982
0.301740
0.317797
0.332250
0.313672
0.313672
0.352932
0.315916
0.341177
0.335479
0.301026
0.288496
0.257540
0.228211
0.201517
0.201517
0.218709
0.229873
0.236305
0.240434
0.240434
0.239670
0.263140
0.229017
0.199126
0.199126
0.170627
0.170627
0.162715
0.160986
0.161472
0.205867
0.190939
0.177871
0.198004
0.225560
0.228032
0.238051
0.257694
0.278766
0.274154
0.251140
0.276830
0.276830
0.336413
0.312735
0.290686
0.317489
0.317489
0.315293
0.328208
0.296846
0.296846
0.279655
0.305801
0.240655
0.210292
0.213408
0.202389
0.141892
0.118252
0.126247
0.127244
0.136719
0.127250
0.085796
0.071889
0.071889
0.054985
0.055778
0.100851
0.123046
0.139801
0.124369
0.138234
0.144378
0.159785
0.125862
0.141340
0.213553
0.200580
0.252311
0.285001
0.306797
0.306797
0.263719
0.241113
0.241113
0.220199
0.158259
0.158259
0.135008
0.146701
0.157384
0.175097
0.200024
0.200024
0.225537
0.286549
0.348281
0.331816
0.216058
0.248227
0.251050
0.271773
0.241579
0.209633
0.214549
0.200441
0.199604
0.234921
0.242417
0.178551
0.156476
0.134139
0.148953
0.119592
0.119592
0.093767
0.108668
0.091646
0.139734
0.138226
0.134740
0.134740
0.116568
0.126975
0.144490
0.166843
0.118279
0.116477
0.123670
0.121218
0.091733
0.099212
0.122865
0.122865
0.114430
0.114430
0.093085
0.114801
0.087688
0.071901
0.088656
0.120321
0.122259
0.131606
0.116454
0.123988
0.156905
0.156905
0.127371
0.127371
0.158655
0.160689
0.137146
0.148280
0.139459
0.151943
0.155832
0.187069
0.202721
0.201174
0.208627
0.204583
0.222207
0.263345
0.263345
0.262023
0.225216
0.246199
0.269937
0.273501
0.282327
0.283354
0.347877
0.280238
0.280238
0.283562
0.243242
0.228609
0.238967
0.229998
0.202700
0.161842
0.153743
0.142836
0.146351
0.146351
0.120178
0.141979
0.204432
0.204432
0.210570
0.213765
0.208507
0.242087
0.249783
0.212832
0.217403
0.238156
0.240009
0.237225
0.268254
0.268254
0.233314
0.233314
0.225186
0.210593
0.247398
0.247398
0.232628
0.232628
0.201810
0.202334
0.138669
0.164802
0.184115
0.213824
0.213824
0.248462
0.257782
0.228548
0.173236
0.128603
0.128603
0.165451
0.158919
0.185217
0.174601
0.297607
0.317393
0.311034
0.256949
0.268527
0.268527
0.255792
0.220713
0.231931
0.265204
0.242615
0.227216
0.248051
0.249331
0.211196
0.212799
0.219252
0.233267
0.202384
0.189820
0.171733
0.166965
0.140709
0.169369
0.169369
0.191136
0.173403
0.180997
0.194508
0.168252
0.184771
0.156667
0.153798
0.174695
0.156923
0.221403
0.249958
0.247546
0.261378
0.282927
0.267828
0.279479
0.274974
0.263303
0.254942
0.254942
0.254942
0.226105
0.251006
0.267220
0.276095
0.328486
0.316811
0.309204
0.330142
0.377004
0.357728
0.365621
0.370161
0.390839
0.408823
0.415643
0.447986
0.447411
0.400187
0.351182
0.351182
0.395515
0.343885
0.336994
0.269083
0.278088
0.286154
0.310442
0.367224
0.367224
0.418986
0.500473
0.417265
0.380606
0.383828
0.401985
0.452052
0.378301
0.396449
0.415102
0.395934
0.349474
0.370063
0.363863
0.417252
0.458238
0.459332
0.415508
0.415508
0.476572
0.451224
0.422738
0.471622
0.419412
0.402808
0.402808
0.357263
0.419427
0.412167
0.412167
0.391544
0.391544
0.407709
0.398141
0.337320
0.275181
0.323046
0.388972
0.328833
0.374318
0.388725
0.359399
0.397767
0.364441
0.364441
0.411542
0.432173
0.420648
0.431510
0.512484
0.525475
0.525475
0.460297
0.424484
0.424484
0.328722
0.291376
0.291376
0.222178
0.216840
0.216840
0.216840
0.255620
0.241501
0.206566
0.182321
0.219560
0.219560
0.197446
0.173992
0.164770
0.166285
0.215282
0.237724
0.248713
0.253011
0.253011
0.209717
0.216302
0.181280
0.235182
0.195701
0.198151
0.202283
0.159755
0.163734
0.110267
0.110267
0.112467
0.148125
0.161882
0.163192
0.162328
0.155498
0.155498
0.122598
0.106279
0.105873
0.082895
0.083884
0.082684
0.109496
0.120791
0.097262
0.073275
0.061609
0.059786
0.059580
0.059580
0.071433
0.058948
0.119370
0.108061
0.120805
0.133221
0.114807
0.114807
0.137953
0.130664
0.095928
0.086190
0.053107
0.043838
0.048557
0.070478
0.063883
0.055442
0.071818
0.058028
0.042756
0.044287
0.069922
0.066136
0.087296
0.125397
0.133221
0.110164
0.100092
0.096494
0.084862
0.076363
0.073367
0.117830
0.113849
0.115784
0.152490
0.156423
0.165432
0.194452
0.204634
0.185034
0.168786
0.154757
0.128865
0.112821
0.094265
0.086040
0.107980
0.136285
0.196552
0.235000
0.227875
0.231017
0.226122
0.193507
0.165363
0.208859
0.214766
0.203187
0.167891
0.167891
0.158926
0.158926
0.145927
0.131437
0.129453
0.092298
0.086238
0.115829
0.132707
0.186834
0.161305
0.161305
0.167702
0.181175
0.135136
0.117532
0.101607
0.099212
0.074363
0.095081
0.126218
0.156833
0.203679
0.203679
0.203679
0.232655
0.232655
0.184344
0.184892
0.210577
0.260590
0.249722
0.224182
0.227374
0.207872
0.216136
0.184214
0.180316
0.201779
0.202310
0.227681
0.192969
0.213148
0.234249
0.236058
0.239824
0.267023
0.278844
0.258609
0.170769
0.170769
0.153721
0.153721
0.150616
0.134310
0.119917
0.103314
0.100657
0.089183
0.094761
0.089671
0.089671
0.103201
0.085999
0.117128
0.142430
0.129272
0.171939
0.165778
0.132086
0.132086
0.117571
0.139218
0.138100
0.169438
0.131010
0.154445
0.194093
0.186016
0.187988
0.210994
0.205535
0.205535
0.233986
0.212166
0.234709
0.214362
0.214362
0.229984
0.261005
0.234799
0.234799
0.228065
0.228065
0.197457
0.201053
0.218088
0.214487
0.214670
0.191381
0.211446
0.210307
0.204262
0.147729
0.181132
0.180881
0.198134
0.224288
0.234452
0.214573
0.214573
0.219603
0.198860
0.143182
0.110003
0.110003
0.115179
0.111093
0.122173
0.125789
0.145839
0.191950
0.181467
0.205762
0.205762
0.189526
0.208966
0.243726
0.220712
0.220712
0.213288
0.224769
0.239119
0.239119
0.224389
0.189076
0.220744
0.220960
0.220960
0.258543
0.255438
0.263180
0.312597
0.309209
0.296730
0.296730
0.304104
0.313068
0.331626
0.313821
0.313821
0.322819
0.285148
0.293412
0.334023
0.348859
0.332463
0.285816
0.294451
0.304335
0.304353
0.304353
0.275647
0.249941
0.259723
0.219774
0.221541
0.238572
0.221384
0.291781
0.267615
0.269493
0.269493
0.270215
0.269939
0.227125
0.201309
0.217506
0.243210
0.242641
0.257163
0.261848
0.247793
0.289761
0.262805
0.270232
0.270232
0.321732
0.278553
0.341559
0.384784
0.384157
0.384157
0.387228
0.346784
0.342906
0.332243
0.334108
0.334108
0.336467
0.336467
0.319790
0.333725
0.337010
0.318325
0.318325
0.304954
0.284760
0.284760
0.227856
0.227856
0.203921
0.215224
0.186691
0.230347
0.266142
0.223872
0.243868
0.264361
0.209528
0.173286
0.127374
0.138476
0.120643
0.118867
0.110803
0.132457
0.122013
0.133967
0.119157
0.137935
0.152642
0.175392
0.129713
0.120650
0.100877
0.085311
0.056145
0.062610
0.091896
0.088835
0.066903
0.091333
0.105141
0.105141
0.105141
0.178435
0.164240
0.150288
0.196192
0.207379
0.207379
0.180545
0.180545
0.216651
0.223158
0.221458
0.228795
0.223775
0.232447
0.232447
0.220104
0.203698
0.169482
0.194333
0.170080
0.170080
0.177998
0.177998
0.178934
0.199925
0.175595
0.151417
0.149263
0.149263
0.141920
0.115722
0.115722
0.089351
0.106200
0.100039
0.111237
0.145103
0.121594
0.133337
0.132686
0.108666
0.114212
0.110926
0.129476
0.129476
0.146500
0.156537
0.156537
0.155950
0.125252
0.107451
0.107451
0.096400
0.107114
0.119337
0.126876
0.113828
0.113828
0.115614
0.127647
0.130130
0.134703
0.133939
0.133939
0.174084
0.194393
0.179932
0.170754
0.216947
0.191817
0.214198
0.167176
0.201450
0.200618
0.200618
0.233412
0.233679
0.239136
0.214429
0.263834
0.245661
0.248968
0.260453
0.275881
0.275881
0.275881
0.275881
0.293029
0.293029
0.264582
0.246757
0.216110
0.224175
0.245197
0.226168
0.242480
0.290304
0.295475
0.295475
0.295475
0.267976
0.234476
0.234629
0.271556
0.299522
0.249880
0.249880
0.204993
0.205188
0.216814
0.204722
0.204722
0.202754
0.213163
0.213163
0.231700
0.269155
0.249775
0.249775
0.199808
0.179890
0.184689
0.225384
0.281274
0.279488
0.266824
0.258684
0.200593
0.200593
0.177284
0.213920
0.184805
0.192345
0.194923
0.223530
0.201904
0.176279
0.154298
0.162307
0.162307
0.169138
0.186031
0.194484
0.194513
0.200011
0.200938
0.207636
0.224573
0.245246
0.293487
0.300921
0.293224
0.292083
0.359064
0.405182
0.488085
0.526219
0.526219
0.558817
0.557970
0.560760
0.515549
0.515549
0.476361
0.431038
0.434768
0.396159
0.375672
0.384119
0.383385
0.353249
0.356041
0.359681
0.364703
0.364703
0.364703
0.380143
0.371914
0.338738
0.368012
0.315954
0.322417
0.275597
0.275597
0.331727
0.289484
0.287213
0.308498
0.301566
0.301566
0.269955
0.265726
0.291091
0.291091
0.287468
0.299912
0.377779
0.401250
0.363093
0.372089
0.348061
0.275167
0.314827
0.347393
0.347393
0.401462
0.376848
0.352595
0.327860
0.417824
0.421994
0.320734
0.380764
0.380764
0.362482
0.346055
0.346055
0.327442
0.318223
0.320227
0.320227
0.303783
0.280949
0.269723
0.269723
0.282312
0.285760
0.218340
0.256233
0.245958
0.199621
0.189800
0.200711
0.227611
0.219271
0.265752
0.288679
0.324630
0.292356
0.322492
0.337058
0.348452
0.356419
0.353086
0.363472
0.363472
0.427820
0.412287
0.450008
0.473747
0.489387
0.547671
0.568445
0.510309
0.503386
0.487365
0.522434
0.571039
0.556412
0.611612
0.579871
0.575279
0.507450
0.507450
0.566028
0.607746
0.606765
0.613107
0.483568
0.441689
0.441689
0.441689
0.394990
0.421887
0.437668
0.468458
0.369972
0.372647
0.392204
0.343151
0.361987
0.330938
0.330938
0.335633
0.336365
0.280915
0.258965
0.263715
0.263715
0.301138
0.329388
0.311219
0.340962
0.345975
0.286863
0.264870
0.296553
0.296553
0.282289
0.235593
0.282095
0.291655
0.271425
0.261139
0.317546
0.273387
0.379761
0.376051
0.351280
0.428700
0.417912
0.477242
0.485238
0.485238
0.408345
0.390183
0.399580
0.303232
0.357001
0.304112
0.291398
0.336362
0.297291
0.297291
0.289355
0.262315
0.262315
0.262315
0.262315
0.262315
0.261727
0.251490
0.271353
0.275551
0.238678
0.238678
0.210646
0.210646
0.206039
0.247782
0.234196
0.213622
0.225080
0.227919
0.171716
0.197035
0.172070
0.158373
0.142722
0.171697
0.171697
0.171697
0.181113
0.179884
0.179884
0.188811
0.145746
0.140763
0.126535
0.126535
0.123114
0.118176
0.158310
0.158310
0.171581
0.211427
0.206440
0.241155
0.227489
0.208227
0.200345
0.186365
0.178074
0.157894
0.155057
0.152289
0.123582
0.141696
0.173295
0.174203
0.139766
0.140147
0.105970
0.105970
0.129901
0.149878
0.197959
0.210499
0.191463
0.157394
0.178398
0.203260
0.237190
0.214122
0.203310
0.222867
0.221200
0.218104
0.227330
0.245036
0.270980
0.289572
0.289572
0.268994
0.268994
0.265399
0.251509
0.250390
0.308651
0.334529
0.335121
0.335121
0.335121
0.322450
0.312747
0.342574
0.350270
0.364659
0.373706
0.285533
0.275627
0.252516
0.239357
0.249298
0.328840
0.338249
0.316783
0.295970
0.295970
0.319584
0.319584
0.340459
0.342424
0.327633
0.327633
0.375043
0.432438
0.370945
0.361016
0.368776
0.382512
0.382512
0.347099
0.357359
0.394583
0.411742
0.395078
0.369969
0.311839
0.311280
0.286386
0.274484
0.268577
0.297779
0.267627
0.239140
0.231442
0.226210
0.266813
0.288317
0.331558
0.271055
0.259645
0.264161
0.282492
0.282492
0.281603
0.267503
0.254156
0.246973
0.268226
0.268226
0.275097
0.300053
0.260592
0.260592
0.271986
0.293235
0.279824
0.267260
0.335744
0.404835
0.357807
0.354345
0.380198
0.428081
0.461202
0.532613
0.608474
0.536413
0.573833
0.552626
0.607057
0.629601
0.599580
0.583012
0.537504
0.627903
0.634051
0.627516
0.634477
0.678903
0.691983
0.765027
0.720768
0.722910
0.681856
0.674278
0.690856
0.641125
0.577508
0.585750
0.585750
0.599536
0.566033
0.580576
0.660846
0.608485
0.519687
0.504887
0.494695
0.514297
0.516216
0.487723
0.467611
0.406853
0.394048
0.485676
0.526401
0.460008
0.480299
0.466815
0.527103
0.512543
0.555581
0.532638
0.532638
0.535733
0.520739
0.480049
0.480049
0.444290
0.406258
0.489592
0.420176
0.357082
0.357082
0.342884
0.342884
0.358676
0.358196
0.432656
0.414804
0.438099
0.416286
0.349163
0.311581
0.332108
0.332108
0.327358
0.356946
0.349168
0.349434
0.339853
0.347710
0.270521
0.308091
0.295006
0.272927
0.259412
0.259412
0.218826
0.239385
0.248198
0.273355
0.273355
0.330358
0.321928
0.271837
0.271837
0.264828
0.254781
0.240054
0.261114
0.241734
0.205103
0.162092
0.157855
0.142984
0.139327
0.182131
0.211081
0.254704
0.254704
0.280173
0.357483
0.322681
0.346632
0.319270
0.319270
0.388728
0.388728
0.390313
0.390313
0.342132
0.334849
0.334849
0.334849
0.308996
0.303033
0.286922
0.286922
0.277201
0.368282
0.356677
0.300538
0.307832
0.258288
0.259223
0.237308
0.230102
0.261441
0.257932
0.265619
0.222757
0.210333
0.240662
0.215320
0.167650
0.141809
0.129163
0.133776
0.133776
0.132808
0.169210
0.202664
0.223906
0.178664
0.233040
0.190092
0.204445
0.196263
0.181766
0.179454
0.179454
0.161533
0.183892
0.170030
0.124372
0.133449
0.101833
0.078156
0.078156
0.074195
0.103302
0.087800
0.090063
0.077240
0.047047
0.083147
0.066362
0.078769
0.097874
0.114383
0.111113
0.131051
0.172059
0.167300
0.142896
0.142896
0.153776
0.122256
0.122256
0.122256
0.146322
0.146322
0.142029
0.159948
0.186313
0.185443
0.216984
0.217091
0.170681
0.148305
0.133181
0.133181
0.110508
0.114243
0.114243
0.114243
0.107012
0.080872
0.081245
0.082421
0.087405
0.094784
0.102107
0.124396
0.124524
0.175926
0.170254
0.175248
0.142541
0.154668
0.161902
0.221281
0.242560
0.242560
0.249090
0.286787
0.267590
0.323522
0.323522
0.319651
0.342096
0.388622
0.388622
0.360623
0.364667
0.362285
0.269860
0.273980
0.256019
0.219621
0.219621
0.219621
0.260448
0.237362
0.245769
0.245769
0.201059
0.171469
0.196483
0.214821
0.214821
0.214821
0.193034
0.204134
0.204134
0.179923
0.163671
0.163671
0.159389
0.121915
0.121478
0.132939
0.117628
0.124186
0.134009
0.166716
0.170839
0.120662
0.112289
0.112289
0.120477
0.120477
0.118584
0.118584
0.131882
0.118922
0.156149
0.146296
0.142806
0.211895
0.211895
0.237858
0.218490
0.187798
0.161875
0.133177
0.125249
0.123244
0.111514
0.143340
0.137358
0.142156
0.127882
0.156784
0.156784
0.137187
0.173825
0.222331
0.232313
0.208534
0.195417
0.192514
0.227298
0.261243
0.292169
0.287011
0.341000
0.351990
0.329217
0.333933
0.345822
0.393055
0.327064
0.351260
0.366251
0.269168
0.277293
0.291716
0.324476
0.278326
0.278326
0.294808
0.285414
0.307511
0.307511
0.337144
0.308548
0.357210
0.412997
0.416826
0.390627
0.387884
0.350644
0.262164
0.262164
0.262164
0.262164
0.282373
0.340160
0.379865
0.379865
0.303385
0.292237
0.295782
0.322187
0.276770
0.289456
0.302811
0.281746
0.308497
0.312595
0.344899
0.323366
0.295119
0.261101
0.240472
0.199003
0.204577
0.223666
0.220341
0.225194
0.225194
0.225194
0.256798
0.226068
0.226068
0.233281
0.223119
0.180341
0.180341
0.190047
0.190047
0.186933
0.145876
0.123375
0.161541
0.177219
0.182940
0.185652
0.146844
0.152302
0.181753
0.183375
0.198586
0.212708
0.273005
0.288646
0.263375
0.263375
0.249086
0.274682
0.284237
0.354249
0.377737
0.377737
0.377429
0.372934
0.334063
0.334063
0.427455
0.448213
0.457769
0.486259
0.488948
0.469374
0.469374
0.420472
0.461058
0.430850
0.456333
0.477409
0.493832
0.536993
0.633920
0.616915
0.627355
0.630653
0.645725
0.583449
0.583449
0.624935
0.609700
0.636186
0.581213
0.598341
0.550850
0.576164
0.564101
0.495463
0.542074
0.558268
0.539910
0.475060
0.514929
0.543235
0.522078
0.498872
0.455216
0.372063
0.352036
0.352036
0.339293
0.380911
0.370193
0.315662
0.315662
0.285818
0.304493
0.325945
0.314930
0.370536
0.415544
0.415544
0.350445
0.340526
0.354970
0.385404
0.373038
0.357285
0.317340
0.300650
0.306432
0.309622
0.307660
0.347689
0.402208
0.402208
0.357234
0.339476
0.355179
0.414760
0.414365
0.391882
0.379193
0.342464
0.270881
0.270881
0.312316
0.294941
0.310444
0.345588
0.310431
0.335796
0.329274
0.364237
0.402435
0.402435
0.402435
0.348583
0.348583
0.395806
0.423743
0.411260
0.455347
0.390270
0.390270
0.418629
0.418629
0.421168
0.466239
0.473324
0.510268
0.448371
0.416827
0.459515
0.420535
0.424687
0.419849
0.419849
0.419849
0.460443
0.437301
0.451399
0.455777
0.426350
0.426350
0.407422
0.464866
0.442848
0.442848
0.466291
0.466874
0.408856
0.408856
0.370185
0.370185
0.354943
0.305234
0.291991
0.291991
0.291991
0.236484
0.266887
0.268758
0.261489
0.261489
0.267214
0.270939
0.253758
0.240643
0.232179
0.224301
0.173324
0.144565
0.128139
0.128139
0.128833
0.128833
0.149279
0.139549
0.168848
0.182202
0.173396
0.160112
0.162512
0.174813
0.139401
0.146487
0.157558
0.162229
0.182104
0.182104
0.165400
0.123236
0.151692
0.132985
0.136528
0.137490
0.137490
0.127658
0.119951
0.142676
0.139618
0.131329
0.130772
0.130772
0.160605
0.158730
0.153181
0.148194
0.146468
0.154842
0.167457
0.161383
0.161383
0.109884
0.107761
0.117626
0.125880
0.138740
0.107787
0.107402
0.116362
0.095772
0.099966
0.110509
0.112240
0.095563
0.115423
0.113320
0.119657
0.122703
0.128326
0.103916
0.096347
0.088981
0.089044
0.084314
0.075999
0.101860
0.121554
0.121554
0.120082
0.120082
0.127365
0.113742
0.138094
0.138094
0.190407
0.235087
0.235087
0.271466
0.276128
0.282237
0.282237
0.333672
0.333402
0.337919
0.394954
0.407965
0.391863
0.331219
0.331219
0.331219
0.301812
0.291725
0.326070
0.326070
0.370831
0.352420
0.380645
0.383210
0.344366
0.352910
0.343680
0.336084
0.254030
0.254030
0.252350
0.263270
0.263270
0.299035
0.283561
0.286569
0.286569
0.271683
0.232448
0.227749
0.193451
0.169590
0.183808
0.183808
0.183808
0.187578
0.167040
0.164956
0.223654
0.224714
0.257366
0.257366
0.256868
0.263508
0.276754
0.276754
0.267418
0.292954
0.292954
0.243602
0.290845
0.293797
0.322096
0.281525
0.247297
0.227835
0.202797
0.214579
0.211769
0.211769
0.211769
0.197689
0.201157
0.239827
0.221403
0.205135
0.199483
0.177492
0.179254
0.138466
0.138466
0.131872
0.123041
0.154864
0.153205
0.144574
0.164248
0.164248
0.195886
0.195886
0.231845
0.231845
0.231845
0.195286
0.217068
0.239111
0.264157
0.259092
0.234483
0.254287
0.254287
0.225164
0.219748
0.165527
0.147597
0.190196
0.162646
0.158011
0.195622
0.170901
0.169061
0.185602
0.139559
0.173674
0.201077
0.213972
0.213972
0.213972
0.213972
0.213972
0.205463
0.226872
0.189068
0.160985
0.157425
0.205462
0.200767
0.203234
0.215696
0.198371
0.269299
0.320367
0.327935
0.299102
0.242122
0.242122
0.244188
0.232611
0.199022
0.191816
0.191816
0.192560
0.223217
0.211114
0.207483
0.233344
0.233344
0.223974
0.212299
0.272147
0.258557
0.258557
0.264934
0.275696
0.269369
0.295141
0.293483
0.316428
0.368663
0.418239
0.418239
0.385495
0.396482
0.349652
0.349652
0.341514
0.344328
0.350852
0.359454
0.376118
0.348801
0.389601
0.395260
0.395260
0.379954
0.345192
0.393793
0.393793
0.415265
0.366878
0.393956
0.351653
0.356786
0.369060
0.386712
0.366064
0.374144
0.352572
0.358029
0.371486
0.380917
0.380917
0.409929
0.438968
0.326280
0.340350
0.338669
0.338669
0.308467
0.350763
0.350675
0.331282
0.331282
0.332050
0.315433
0.283354
0.287296
0.299849
0.299849
0.337214
0.306474
0.274086
0.290164
0.290164
0.326807
0.263601
0.206568
0.218464
0.255335
0.196895
0.204901
0.202374
0.228603
0.214219
0.229279
0.220435
0.254247
0.257063
0.218673
0.207390
0.199544
0.243291
0.218134
0.257325
0.226599
0.206135
0.206135
0.160856
0.160856
0.182888
0.163146
0.166653
0.147635
0.167244
0.211126
0.211150
0.209863
0.209863
0.212598
0.227187
0.227187
0.227187
0.199121
0.187591
0.211200
0.211200
0.237684
0.224904
0.224904
0.242532
0.229801
0.256247
0.239393
0.246572
0.285781
0.285781
0.211018
0.253571
0.239117
0.250558
0.285056
0.267198
0.308929
0.323922
0.303451
0.393884
0.485239
0.469723
0.469723
0.435849
0.435072
0.506802
0.482392
0.451506
0.451506
0.446785
0.482002
0.532260
0.494266
0.455916
0.455916
0.455916
0.481795
0.431819
0.370454
0.317319
0.328071
0.283619
0.281349
0.263760
0.263760
0.219530
0.221068
0.233097
0.220440
0.220440
0.245161
0.239532
0.231410
0.250358
0.216941
0.216941
0.216941
0.178379
0.183276
0.219782
0.220875
0.222070
0.222070
0.256846
0.256846
0.206219
0.212214
0.176663
0.149958
0.189264
0.189264
0.181967
0.160168
0.143792
0.143792
0.130173
0.104971
0.096755
0.100411
0.089570
0.088242
0.098717
0.101824
0.117722
0.141842
0.152807
0.155425
0.178417
0.178417
0.160994
0.147337
0.149987
0.173390
0.173390
0.185756
0.157148
0.199040
0.233388
0.268330
0.216368
0.176915
0.243699
0.196707
0.223702
0.223702
0.227714
0.197342
0.197342
0.210141
0.210141
0.196095
0.179486
0.205664
0.205664
0.205664
0.211543
0.211543
0.202993
0.216762
0.260762
0.260762
0.242054
0.242054
0.242054
0.243887
0.174308
0.177705
0.148739
0.148739
0.128361
0.125631
0.118397
0.131110
0.104442
0.101130
0.104596
0.104596
0.121059
0.154746
0.161513
0.161513
0.155942
0.176963
0.193035
0.202711
0.214251
0.217209
0.254066
0.257939
0.236075
0.187216
0.187216
0.202162
0.202915
0.202915
0.202865
0.194679
0.175704
0.174326
0.166607
0.150749
0.183697
0.187194
0.237158
0.236421
0.202726
0.169385
0.201515
0.200789
0.204346
0.201213
0.212505
0.208857
0.212180
0.224849
0.229642
0.229642
0.234306
0.230241
0.206709
0.170688
0.174824
0.174824
0.156687
0.173397
0.162182
0.115654
0.115654
0.101910
0.076803
0.097632
0.107841
0.128004
0.144928
0.162155
0.191881
0.193812
0.213607
0.226864
0.226864
0.226864
0.233573
0.254326
0.226043
0.268936
0.289240
0.256152
0.257635
0.255453
0.352260
0.331180
0.340237
0.298708
0.336128
0.371902
0.330724
0.345184
0.337270
0.330168
0.349000
0.347127
0.342846
0.310633
0.310633
0.266179
0.264448
0.250438
0.256598
0.231708
0.237627
0.203841
0.218231
0.246673
0.198491
0.210714
0.201134
0.201134
0.190395
0.201212
0.198236
0.241358
0.232888
0.248130
0.265942
0.198278
0.230490
0.230490
0.222659
0.243972
0.173590
0.156248
0.206295
0.169822
0.171889
0.192735
0.200944
0.199672
0.187766
0.203682
0.206621
0.206621
0.250757
0.229017
0.180879
0.156228
0.171675
0.193638
0.193638
0.138968
0.170377
0.170377
0.170377
0.135400
0.118478
0.111901
0.134358
0.140826
0.155044
0.143816
0.132805
0.136341
0.126610
0.124072
0.128867
0.128867
0.144470
0.196236
0.190212
0.186273
0.172173
0.152561
0.184765
0.207507
0.148558
0.209652
0.187123
0.241278
0.215215
0.220744
0.220744
0.210252
0.210252
0.183114
0.190039
0.190039
0.205929
0.205929
0.248995
0.255702
0.252782
0.240883
0.262467
0.236528
0.251926
0.251926
0.299123
0.298741
0.239670
0.217557
0.208352
0.208352
0.197154
0.211457
0.196965
0.196965
0.196965
0.196965
0.189724
0.218825
0.243609
0.252939
0.249113
0.239548
0.239548
0.224852
0.253639
0.256114
0.256114
0.197040
0.189557
0.201127
0.248749
0.217389
0.220180
0.236123
0.235206
0.318343
0.279418
0.258604
0.263461
0.202426
0.176568
0.170809
0.138259
0.124759
0.093863
0.093863
0.116620
0.127020
0.168947
0.183727
0.192010
0.208592
0.155144
0.136233
0.112971
0.112971
0.121138
0.095467
0.071978
0.078545
0.058673
0.061570
0.078078
0.080708
0.124816
0.124816
0.095891
0.122008
0.129466
0.158700
0.164648
0.164648
0.111428
0.112258
0.103300
0.090542
0.114146
0.114146
0.114146
0.100184
0.108970
0.113744
0.108986
0.109209
0.147457
0.119899
0.113970
0.142055
0.128285
0.090891
0.090891
0.100970
0.102570
0.120852
0.122688
0.123896
0.136013
0.127036
0.137309
0.137309
0.147409
0.132025
0.123741
0.137247
0.113505
0.104397
0.104397
0.096210
0.082004
0.067507
0.107841
0.142138
0.161836
0.196428
0.199927
0.199927
0.199927
0.199927
0.277376
0.277376
0.273931
0.268124
0.297442
0.314345
0.300922
0.300922
0.307128
0.308083
0.232847
0.211789
0.216263
0.216263
0.216263
0.198030
0.229755
0.220927
0.219239
0.219239
0.212026
0.172431
0.202525
0.191359
0.190270
0.193118
0.234705
0.282844
0.268080
0.308628
0.281504
0.281504
0.236233
0.220412
0.224601
0.231891
0.259856
0.252924
0.291990
0.293234
0.273076
0.341433
0.341433
0.310665
0.340203
0.340203
0.313823
0.312319
0.312319
0.312380
0.311686
0.311686
0.344694
0.344694
0.405450
0.398399
0.432017
0.496529
0.464153
0.459107
0.453449
0.557271
0.611587
0.575645
0.575645
0.575645
0.560699
0.529314
0.614600
0.674405
0.674405
0.670124
0.608415
0.601742
0.587468
0.587468
0.587468
0.554406
0.554406
0.458414
0.458414
0.441470
0.419344
0.454102
0.404745
0.405540
0.361245
0.387281
0.467354
0.424075
0.345699
0.334342
0.386229
0.386229
0.449306
0.517836
0.534671
0.504699
0.504699
0.477427
0.477427
0.449455
0.444070
0.452089
0.460156
0.477999
0.390244
0.448439
0.430618
0.489429
0.489429
0.506302
0.431152
0.493463
0.502619
0.441852
0.474292
0.392276
0.392276
0.324296
0.324296
0.319612
0.279038
0.248432
0.284039
0.229836
0.209624
0.210971
0.266548
0.256567
0.287151
0.309775
0.302915
0.320759
0.281389
0.281389
0.251776
0.239371
0.290643
0.290643
0.286396
0.261539
0.318124
0.291493
0.311629
0.287964
0.258288
0.255098
0.297806
0.319123
0.319123
0.319583
0.409273
0.463567
0.418552
0.401133
0.363689
0.350380
0.350380
0.295746
0.347919
0.329919
0.361728
0.369326
0.372612
0.414628
0.352708
0.358590
0.317584
0.279099
0.362703
0.345777
0.261664
0.282575
0.257887
0.257887
0.231020
0.265356
0.276336
0.303564
0.303564
0.316272
0.308039
0.311430
0.308789
0.308789
0.264397
0.264397
0.264397
0.298563
0.287127
0.228798
0.225040
0.225040
0.219333
0.219333
0.252616
0.247417
0.239774
0.295738
0.299801
0.275580
0.270259
0.283070
0.252427
0.194057
0.187123
0.216359
0.245715
0.245047
0.230106
0.213295
0.222128
0.214238
0.257245
0.230561
0.230561
0.230561
0.264579
0.284723
0.312110
0.315988
0.306292
0.272771
0.319226
0.325197
0.362753
0.407707
0.407707
0.457436
0.433844
0.485314
0.467348
0.519580
0.576302
0.605165
0.605165
0.552217
0.490169
0.445929
0.412655
0.469254
0.535664
0.438178
0.410035
0.410035
0.431663
0.431663
0.431663
0.429049
0.386043
0.346959
0.286193
0.286193
0.246032
0.269323
0.283695
0.265099
0.265099
0.265099
0.176088
0.172126
0.194643
0.180417
0.187331
0.187331
0.166687
0.157163
0.157163
0.126834
0.136722
0.169150
0.161702
0.191282
0.191282
0.193873
0.225190
0.197762
0.173909
0.173909
0.231495
0.235401
0.265135
0.203366
0.214268
0.175195
0.167887
0.175441
0.199493
0.165170
0.198266
0.227982
0.172733
0.203847
0.153507
0.139683
0.132041
0.106818
0.086973
0.067921
0.069703
0.069703
0.091372
0.122054
0.130432
0.186973
0.200521
0.193548
0.170469
0.190534
0.184753
0.168022
0.209992
0.235004
0.222974
0.222974
0.222974
0.230241
0.236692
0.236692
0.264881
0.264881
0.281843
0.303655
0.276598
0.276598
0.263892
0.272167
0.252504
0.253538
0.239054
0.239054
0.241884
0.202621
0.215929
0.200673
0.213663
0.213663
0.210950
0.248373
0.201044
0.208115
0.201024
0.214919
0.200752
0.214373
0.197692
0.188508
0.215833
0.232629
0.261642
0.261642
0.265616
0.232090
0.232491
0.225909
0.219082
0.284571
0.267365
0.302109
0.274434
0.260393
0.227272
0.182550
0.194646
0.194646
0.205959
0.210859
0.207022
0.207288
0.178438
0.191769
0.164906
0.126875
0.126875
0.126875
0.149700
0.098301
0.091369
0.107674
0.112467
0.101706
0.091422
0.132575
0.132575
0.100993
0.100993
0.085896
0.085896
0.109725
0.132592
0.135301
0.095900
0.095900
0.088291
0.107150
0.100633
0.100633
0.122537
0.126426
0.157301
0.179937
0.190945
0.227756
0.238594
0.222121
0.220138
0.210277
0.236078
0.247964
0.231200
0.162171
0.155475
0.217179
0.281320
0.269405
0.215134
0.166118
0.138858
0.152857
0.123084
0.102931
0.093098
0.100235
0.095185
0.104212
0.132084
0.097108
0.120348
0.109794
0.096213
0.087528
0.110338
0.130141
0.112974
0.112974
0.112974
0.110854
0.110854
0.101550
0.106586
0.079780
0.072026
0.080688
0.115171
0.115171
0.115171
0.115485
0.125273
0.113178
0.126535
0.107378
0.071728
0.072755
0.079803
0.077614
0.106401
0.106401
0.106401
0.106401
0.118386
0.160819
0.120632
0.119448
0.131645
0.131645
0.131645
0.131645
0.161589
0.171339
0.140728
0.125438
0.133313
0.103496
0.122248
0.122248
0.168536
0.136781
0.140855
0.149682
0.188112
0.202320
0.219522
0.192307
0.215016
0.215016
0.201030
0.203087
0.159771
0.138815
0.130089
0.137678
0.141877
0.141877
0.127955
0.141454
0.145339
0.162935
0.156952
0.129718
0.129718
0.117225
0.146076
0.142008
0.190954
0.190954
0.166815
0.156258
0.169373
0.174368
0.162230
0.197882
0.212475
0.206922
0.206922
0.184525
0.229022
0.228647
0.228647
0.200825
0.244288
0.183071
0.160657
0.160092
0.171824
0.173693
0.189919
0.201402
0.197646
0.236956
0.224895
0.224895
0.244150
0.221012
0.237434
0.215723
0.224213
0.244396
0.255882
0.240286
0.220247
0.220247
0.209598
0.187372
0.187372
0.152829
0.138499
0.148633
0.165050
0.165050
0.166898
0.147217
0.159101
0.172846
0.156189
0.170518
0.190654
0.220083
0.213819
0.230046
0.273227
0.301540
0.303944
0.303944
0.264828
0.252209
0.276332
0.276817
0.303911
0.261799
0.261799
0.234740
0.248072
0.238091
0.201924
0.164024
0.198494
0.179863
0.130452
0.130452
0.175030
0.167447
0.165245
0.200254
0.182163
0.149728
0.149728
0.196923
0.163174
0.180509
0.180509
0.167367
0.156912
0.161148
0.161148
0.174066
0.134735
0.145063
0.160775
0.119297
0.092949
0.106295
0.107644
0.121533
0.121533
0.141449
0.129161
0.113596
0.115373
0.108874
0.082907
0.082907
0.117493
0.117493
0.092790
0.092790
0.087073
0.087333
0.059108
0.072403
0.109220
0.124693
0.115420
0.099657
0.085856
0.067242
0.076835
0.077515
0.111940
0.110213
0.159832
0.167079
0.178897
0.180259
0.168149
0.218293
0.246119
0.281937
0.268068
0.272496
0.228567
0.228567
0.242853
0.260770
0.257081
0.220248
0.210067
0.172180
0.249266
0.249266
0.249266
0.252580
0.236136
0.237992
0.200908
0.144898
0.151059
0.152491
0.187032
0.187032
0.173665
0.180917
0.169912
0.184073
0.159504
0.159504
0.140303
0.157819
0.147016
0.117127
0.121212
0.109382
0.109901
0.118307
0.101543
0.110450
0.108340
0.094962
0.105369
0.098508
0.093265
0.100191
0.141463
0.150367
0.183592
0.179417
0.185289
0.185289
0.150783
0.160124
0.160124
0.163484
0.160627
0.160627
0.134448
0.139721
0.115076
0.119620
0.176657
0.185166
0.179551
0.179551
0.167615
0.149428
0.177523
0.166516
0.200334
0.222929
0.288696
0.281501
0.281501
0.281501
0.279397
0.326912
0.316000
0.316000
0.294100
0.254496
0.324876
0.315745
0.318754
0.318754
0.289573
0.289573
0.299429
0.365391
0.307832
0.299056
0.287277
0.245395
0.276434
0.327030
0.330551
0.317898
0.274712
0.281048
0.327591
0.376852
0.376852
0.376852
0.336549
0.344801
0.312961
0.312961
0.312961
0.271576
0.272300
0.287154
0.266182
0.237800
0.286453
0.221456
0.263804
0.244977
0.246538
0.263739
0.253144
0.254207
0.231373
0.242615
0.197073
0.218115
0.230444
0.190374
0.194324
0.169138
0.158185
0.179944
0.148900
0.145373
0.152413
0.154743
0.134326
0.151585
0.151585
0.144960
0.144960
0.158921
0.158834
0.159096
0.160582
0.153840
0.140836
0.144801
0.108998
0.129801
0.093762
0.086174
0.090899
0.123316
0.104436
0.114733
0.102444
0.080515
0.096986
0.084471
0.088671
0.097544
0.099949
0.118288
0.149498
0.162825
0.158836
0.208032
0.161403
0.154981
0.163965
0.149464
0.120930
0.144324
0.161441
0.161441
0.145672
0.145672
0.139157
0.146126
0.148409
0.151979
0.157495
0.157495
0.148457
0.164187
0.174358
0.174358
0.210751
0.200577
0.184502
0.178251
0.203592
0.224326
0.174899
0.172234
0.172234
0.130128
0.117702
0.117702
0.130917
0.132176
0.196710
0.205457
0.233663
0.234610
0.289932
0.289932
0.283802
0.274249
0.276005
0.292201
0.276007
0.302171
0.299448
0.299448
0.328907
0.284908
0.290782
0.290782
0.290782
0.280378
0.295759
0.245956
0.236655
0.231453
0.211457
0.181568
0.152961
0.131866
0.126229
0.131615
0.140687
0.183524
0.188167
0.169652
0.165102
0.143784
0.143784
0.133612
0.133612
0.171451
0.208708
0.208708
0.208708
0.242811
0.236541
0.236541
0.220290
0.220290
0.190803
0.190803
0.190803
0.213261
0.211741
0.204688
0.215868
0.201147
0.225570
0.225570
0.253806
0.234885
0.309149
0.332388
0.358722
0.345770
0.341439
0.363174
0.306143
0.279102
0.202049
0.222746
0.214953
0.202488
0.184044
0.171974
0.169441
0.183494
0.169557
0.174117
0.186393
0.186393
0.244672
0.244179
0.172566
0.190972
0.201042
0.211730
0.221115
0.221115
0.224596
0.192520
0.176832
0.170863
0.181204
0.215638
0.215638
0.268110
0.271053
0.238615
0.260264
0.246857
0.258373
0.258373
0.270636
0.253376
0.232292
0.232292
0.194667
0.151235
0.151730
0.150048
0.150048
0.173126
0.189099
0.209630
0.197635
0.200667
0.182131
0.207399
0.204836
0.190096
0.205143
0.205143
0.254413
0.225199
0.214172
0.214172
0.239358
0.233949
0.279208
0.355147
0.434199
0.372646
0.348173
0.304852
0.358655
0.372914
0.339423
0.364005
0.329049
0.263550
0.271700
0.271700
0.281631
0.281631
0.282171
0.280377
0.320955
0.332440
0.268066
0.244626
0.241376
0.276456
0.276456
0.299599
0.290547
0.308634
0.307978
0.302298
0.260400
0.248593
0.243083
0.230421
0.251727
0.270030
0.234589
0.224869
0.214013
0.206584
0.198198
0.229240
0.231644
0.240525
0.241069
0.241069
0.241069
0.203898
0.203898
0.170701
0.182072
0.194287
0.208526
0.208526
0.159075
0.149626
0.179508
0.173996
0.167778
0.167778
0.159270
0.163480
0.173441
0.130312
0.131046
0.138793
0.147448
0.118799
0.123102
0.165652
0.155037
0.115693
0.117648
0.117648
0.096233
0.110002
0.104779
0.116820
0.131917
0.136916
0.157815
0.120951
0.120951
0.125841
0.160502
0.179524
0.206034
0.185679
0.185679
0.167541
0.181843
0.166439
0.211970
0.211970
0.199771
0.237425
0.209524
0.197522
0.164287
0.160098
0.138221
0.124697
0.112301
0.126359
0.127032
0.129264
0.138731
0.165114
0.185387
0.190430
0.210172
0.253397
0.253397
0.296710
0.283934
0.251767
0.251767
0.251767
0.226777
0.209887
0.206224
0.201248
0.197906
0.206653
0.175854
0.199684
0.189985
0.189985
0.189985
0.244881
0.247711
0.272709
0.272709
0.297425
0.297425
0.295620
0.353295
0.386605
0.386605
0.360587
0.385246
0.395246
0.383708
0.389799
0.389799
0.376397
0.375330
0.282962
0.261402
0.261402
0.225188
0.225188
0.238270
0.215390
0.215390
0.230954
0.229914
0.183027
0.189504
0.211236
0.238388
0.246458
0.241931
0.201994
0.230257
0.229139
0.232757
0.220567
0.250706
0.219417
0.211588
0.212623
0.222763
0.197648
0.192048
0.225024
0.197990
0.197990
0.202466
0.177466
0.147198
0.147198
0.163741
0.157187
0.140298
0.114235
0.107231
0.107231
0.152748
0.163505
0.140093
0.130075
0.128610
0.138250
0.149446
0.149446
0.173117
0.170436
0.139896
0.138811
0.144671
0.129033
0.134053
0.131921
0.171192
0.202508
0.155299
0.139798
0.135159
0.136338
0.105524
0.138693
0.193734
0.193869
0.158498
0.158498
0.113907
0.082223
0.092821
0.087289
0.074147
0.112528
0.118501
0.102319
0.101620
0.091875
0.075805
0.075805
0.040811
0.045523
0.051960
0.051960
0.079971
0.104223
0.138210
0.116944
0.111312
0.133618
0.101235
0.126053
0.125548
0.131886
0.139247
0.114483
0.108007
0.089998
0.092549
0.114583
0.114583
0.126413
0.126413
0.147909
0.143401
0.105330
0.100384
0.083427
0.130954
0.112635
0.131485
0.133872
0.128863
0.124017
0.105537
0.107599
0.113646
0.111852
0.147167
0.127497
0.115292
0.122723
0.133456
0.132182
0.132182
0.110051
0.127739
0.134101
0.123817
0.134321
0.127044
0.118812
0.142958
0.142958
0.160868
0.160868
0.169697
0.138330
0.138396
0.138125
0.138125
0.088880
0.126150
0.092502
0.083626
0.083632
0.095716
0.107757
0.106076
0.106076
0.127624
0.109617
0.120255
0.098066
0.114630
0.136248
0.106291
0.107896
0.122352
0.117154
0.130936
0.105798
0.116653
0.139413
0.112487
0.085243
0.149343
0.116724
0.084255
0.060993
0.059264
0.059264
0.101549
0.101549
0.112805
0.112805
0.102408
0.108335
0.084603
0.105914
0.112036
0.112289
0.131388
0.162534
0.162534
0.153145
0.143027
0.126420
0.126420
0.137120
0.141754
0.141754
0.157523
0.174985
0.158343
0.165728
0.161300
0.180601
0.198804
0.181573
0.229935
0.233429
0.228493
0.223694
0.223694
0.223694
0.221565
0.221565
0.213839
0.185580
0.202894
0.181500
0.169364
0.216409
0.212616
0.223240
0.259593
0.279488
0.269789
0.357499
0.342700
0.287881
0.302146
0.302146
0.324578
0.342726
0.306573
0.307639
0.336965
0.345180
0.345781
0.355042
0.346006
0.322739
0.369646
0.409918
0.401391
0.377202
0.395200
0.434188
0.429595
0.403725
0.455880
0.455880
0.497837
0.516488
0.554568
0.515579
0.515579
0.523467
0.530984
0.582189
0.582189
0.587370
0.692208
0.692208
0.690431
0.636575
0.668781
0.743779
0.769235
0.805549
0.805549
0.743560
0.694939
0.677555
0.677555
0.620035
0.675261
0.686099
0.763924
0.769240
0.769240
0.725531
0.751179
0.751179
0.696235
0.659749
0.580218
0.503582
0.475591
0.492743
0.514994
0.494326
0.444461
0.413634
0.423018
0.387811
0.342066
0.326235
0.303338
0.324648
0.301012
0.409598
0.380826
0.412391
0.403105
0.439909
0.396170
0.376244
0.333915
0.365719
0.343366
0.354818
0.321394
0.348410
0.353407
0.319106
0.315029
0.242929
0.242303
0.242303
0.242303
0.242824
0.260030
0.232403
0.229443
0.226672
0.228203
0.228203
0.236010
0.289199
0.288758
0.280859
0.272693
0.266631
0.246320
0.321731
0.296348
0.315289
0.315289
0.301070
0.359229
0.344890
0.333023
0.295623
0.302320
0.294682
0.283311
0.283311
0.283192
0.297997
0.297997
0.244178
0.247846
0.258647
0.258647
0.249661
0.266148
0.266148
0.269768
0.288162
0.288162
0.218767
0.257594
0.234174
0.189217
0.160414
0.144987
0.177794
0.184909
0.189821
0.189821
0.177788
0.179144
0.179144
0.175307
0.175307
0.182489
0.176603
0.199296
0.208994
0.208994
0.204968
0.211617
0.211369
0.259337
0.246683
0.210006
0.184600
0.184600
0.181071
0.184422
0.166049
0.158894
0.143828
0.147846
0.147846
0.122599
0.124727
0.142075
0.128564
0.106595
0.063217
0.063217
0.093248
0.096937
0.105885
0.096885
0.084390
0.080265
0.077479
0.102017
0.098864
0.102982
0.116197
0.116197
0.175854
0.175854
0.193692
0.274938
0.274938
0.252637
0.323733
0.394085
0.358301
0.389925
0.360315
0.328351
0.307473
0.289355
0.276666
0.313294
0.330002
0.330002
0.329863
0.329863
0.269497
0.260419
0.283757
0.257455
0.305945
0.295440
0.256252
0.237621
0.212442
0.174000
0.150311
0.128874
0.104073
0.107107
0.094876
0.086537
0.091376
0.060080
0.055568
0.047830
0.049924
0.062928
0.058600
0.069442
0.106007
0.097216
0.114490
0.152879
0.215855
0.215152
0.181195
0.181195
0.153062
0.163043
0.133966
0.113306
0.118375
0.118375
0.131693
0.184074
0.206476
0.211902
0.271737
0.326271
0.314287
0.281562
0.320577
0.320577
0.336241
0.336968
0.353306
0.358441
0.326292
0.325361
0.373518
0.380931
0.431954
0.444648
0.401262
0.348253
0.287785
0.246603
0.246603
0.240486
0.255010
0.257509
0.257509
0.273957
0.314561
0.291220
0.291220
0.324037
0.276232
0.268894
0.249986
0.306546
0.272012
0.278736
0.262133
0.276518
0.291786
0.274292
0.240628
0.183159
0.216032
0.245214
0.227293
0.227293
0.228432
0.228432
0.239577
0.239577
0.224302
0.212160
0.285047
0.307013
0.304468
0.271638
0.263345
0.245540
0.245540
0.243227
0.277571
0.268139
0.316972
0.342825
0.317601
0.317831
0.317831
0.304168
0.228423
0.209435
0.162281
0.159369
0.159369
0.185087
0.198384
0.158586
0.166431
0.156545
0.186511
0.132932
0.132932
0.102196
0.084473
0.084473
0.086574
0.070202
0.070202
0.068381
0.085918
0.112669
0.105180
0.110769
0.113389
0.086893
0.093694
0.084533
0.075066
0.064042
0.080770
0.089724
0.113710
0.127728
0.109513
0.109513
0.093202
0.109473
0.110995
0.124099
0.124099
0.137735
0.118283
0.121098
0.112198
0.112198
0.112297
0.108773
0.119954
0.127746
0.130342
0.130342
0.131399
0.193685
0.171681
0.162431
0.175957
0.174137
0.155171
0.155171
0.127323
0.157523
0.140841
0.181784
0.173634
0.180187
0.172093
0.188220
0.184165
0.156795
0.113364
0.138082
0.117624
0.138965
0.104066
0.085243
0.081924
0.081924
0.072974
0.077494
0.057926
0.051960
0.074823
0.093436
0.107655
0.107655
0.145289
0.217415
0.216605
0.213587
0.229126
0.254870
0.312826
0.286292
0.319511
0.345614
0.340406
0.328660
0.326441
0.314288
0.283570
0.300596
0.300772
0.250277
0.250277
0.299690
0.284618
0.284618
0.291688
0.313916
0.305513
0.301993
0.294515
0.253518
0.249221
0.261467
0.258270
0.285507
0.317459
0.328716
0.293337
0.287809
0.315375
0.242415
0.216958
0.271836
0.271836
0.253215
0.250989
0.197849
0.195109
0.195109
0.169859
0.215889
0.215889
0.176008
0.152012
0.176220
0.176220
0.171714
0.171714
0.172027
0.171918
0.161442
0.205190
0.205190
0.155245
0.155245
0.155245
0.175773
0.185998
0.216916
0.220899
0.220899
0.279195
0.279195
0.269018
0.264431
0.270795
0.270795
0.198472
0.188690
0.188690
0.188690
0.228196
0.213988
0.184099
0.186896
0.177812
0.178593
0.192557
0.192557
0.195756
0.195756
0.219177
0.219177
0.224966
0.224966
0.253166
0.256820
0.255500
0.234394
0.245399
0.275899
0.268973
0.268973
0.245170
0.244320
0.268706
0.268706
0.255681
0.217286
0.266048
0.313755
0.281083
0.250115
0.246320
0.246320
0.245082
0.287817
0.280685
0.328255
0.315429
0.315429
0.315429
0.318668
0.318668
0.301725
0.239872
0.209937
0.218884
0.282730
0.286434
0.270972
0.217989
0.193965
0.192816
0.209775
0.209775
0.219549
0.219975
0.196240
0.171484
0.184928
0.219429
0.243421
0.267653
0.260329
0.239681
0.216600
0.216600
0.224467
0.243251
0.235811
0.244569
0.244569
0.213248
0.228885
0.228885
0.238112
0.238112
0.290252
0.297847
0.347934
0.373657
0.350580
0.356301
0.417412
0.417412
0.417412
0.468005
0.373682
0.373682
0.321841
0.358482
0.372887
0.363260
0.397679
0.357470
0.379401
0.379156
0.393220
0.393827
0.392785
0.392785
0.386437
0.386437
0.397850
0.450314
0.440339
0.502533
0.444987
0.507447
0.490031
0.469158
0.491674
0.537670
0.508868
0.515758
0.501962
0.460520
0.464490
0.436739
0.408369
0.425848
0.464229
0.464229
0.456034
0.414490
0.385511
0.379414
0.440662
0.457543
0.457543
0.476827
0.547875
0.547875
0.621817
0.619223
0.524481
0.531107
0.528416
0.542677
0.595838
0.586311
0.552549
0.590585
0.605189
0.646894
0.647300
0.647626
0.636148
0.636148
0.609882
0.654893
0.623109
0.588394
0.532986
0.523784
0.523784
0.473500
0.394820
0.394820
0.428140
0.404391
0.341213
0.331797
0.343392
0.408947
0.428864
0.399869
0.399869
0.408516
0.370445
0.370445
0.333173
0.299966
0.361657
0.306254
0.259676
0.259676
0.253574
0.258987
0.267128
0.246604
0.249392
0.254512
0.219969
0.261330
0.247180
0.252856
0.246483
0.245433
0.199952
0.206602
0.212892
0.199335
0.199335
0.172121
0.172121
0.165375
0.176237
0.180205
0.195815
0.195815
0.202167
0.200771
0.224450
0.226966
0.216409
0.234607
0.230943
0.220444
0.220444
0.186252
0.178810
0.155743
0.139433
0.114740
0.111094
0.083530
0.086206
0.098308
0.112217
0.125539
0.116153
0.116740
0.117436
0.122430
0.122430
0.140693
0.204117
0.217141
0.181732
0.226927
0.181793
0.164793
0.161664
0.130842
0.102338
0.098613
0.101354
0.089636
0.091823
0.058482
0.060242
0.059261
0.059316
0.060211
0.062005
0.055759
0.054482
0.058936
0.067171
0.067171
0.089038
0.087454
0.115298
0.131132
0.124727
0.138697
0.157788
0.157788
0.184192
0.212038
0.232263
0.237316
0.264413
0.229084
0.241758
0.258171
0.262446
0.265754
0.265754
0.265754
0.263764
0.267871
0.223394
0.215037
0.201985
0.152319
0.204443
0.292250
0.263536
0.286684
0.285923
0.288068
0.298118
0.277582
0.277582
0.329778
0.346997
0.390605
0.412517
0.417324
0.434067
0.389561
0.398253
0.388898
0.340008
0.412121
0.441271
0.435174
0.464906
0.456209
0.485967
0.400326
0.328510
0.326935
0.326935
0.309876
0.291845
0.308783
0.375030
0.328956
0.296405
0.293846
0.300817
0.300817
0.237651
0.208785
0.217121
0.247142
0.231992
0.216046
0.216046
0.255116
0.244469
0.216042
0.189955
0.212908
0.212086
0.206585
0.230417
0.245673
0.245673
0.274246
0.308851
0.300451
0.311019
0.290169
0.266714
0.276783
0.253508
0.224006
0.203472
0.203472
0.169051
0.163566
0.162064
0.128416
0.102483
0.145113
0.153845
0.154559
0.135034
0.172483
0.168412
0.137677
0.137677
0.104592
0.162485
0.139426
0.151409
0.111942
0.139773
0.142246
0.164303
0.162119
0.143320
0.138045
0.177591
0.199848
0.212458
0.212458
0.184579
0.179743
0.175220
0.193416
0.188341
0.222630
0.237831
0.246727
0.247107
0.249427
0.258183
0.258183
0.258183
0.259713
0.259713
0.229500
0.267346
0.297565
0.327938
0.315144
0.330607
0.319289
0.287354
0.270417
0.270417
0.313825
0.361048
0.295361
0.278380
0.254925
0.247775
0.216824
0.244839
0.244291
0.313520
0.263185
0.288377
0.354884
0.424749
0.417480
0.442285
0.468312
0.437207
0.437207
0.422556
0.498965
0.498965
0.544742
0.493667
0.481291
0.449486
0.449486
0.381465
0.400368
0.395799
0.383101
0.337599
0.338911
0.358714
0.355218
0.329863
0.299736
0.327338
0.306532
0.319620
0.319620
0.366273
0.318440
0.254857
0.297960
0.225226
0.225226
0.261417
0.244552
0.238491
0.205095
0.228753
0.295206
0.295206
0.349062
0.367653
0.417415
0.411059
0.428407
0.428407
0.437006
0.383564
0.359301
0.365784
0.371901
0.371901
0.387346
0.407793
0.387204
0.390632
0.405183
0.416769
0.376073
0.336512
0.270361
0.270361
0.270361
0.276121
0.315698
0.312862
0.342323
0.342423
0.381647
0.300648
0.257729
0.236743
0.236743
0.295357
0.276535
0.255613
0.300653
0.359384
0.371866
0.314579
0.324133
0.321175
0.335927
0.370987
0.336327
0.362602
0.401682
0.370869
0.378117
0.378117
0.429862
0.454804
0.461959
0.455118
0.415144
0.416317
0.375239
0.375239
0.341881
0.341881
0.298117
0.285581
0.269398
0.269398
0.241042
0.253318
0.246486
0.248515
0.269317
0.280226
0.273509
0.248124
0.234660
0.224464
0.252131
0.269351
0.236777
0.204379
0.204379
0.197608
0.197608
0.180205
0.177529
0.214927
0.203204
0.224885
0.224885
0.227264
0.200793
0.228366
0.173621
0.185657
0.160455
0.190907
0.190907
0.226689
0.216797
0.225559
0.197720
0.192183
0.154752
0.120285
0.123663
0.154583
0.165754
0.176113
0.172993
0.151522
0.159247
0.191349
0.210525
0.250804
0.219941
0.217275
0.221160
0.226400
0.221418
0.210305
0.225441
0.225441
0.249699
0.282049
0.304962
0.300381
0.300381
0.275125
0.241273
0.212391
0.177386
0.179465
0.170760
0.170760
0.183337
0.167699
0.095299
0.101528
0.082004
0.070230
0.071337
0.070430
0.072497
0.061759
0.056021
0.064059
0.040331
0.040331
0.040331
0.083223
0.073167
0.079935
0.048949
0.045375
0.047072
0.082726
0.082726
0.089891
0.144660
0.148213
0.145538
0.168492
0.176478
0.176678
0.176678
0.192826
0.195683
0.195683
0.192867
0.186856
0.207782
0.218555
0.170070
0.180476
0.186785
0.198407
0.214206
0.193551
0.193551
0.157994
0.170476
0.169699
0.198621
0.257541
0.263815
0.312035
0.314021
0.313260
0.324929
0.281965
0.235074
0.268598
0.306741
0.295318
0.305744
0.305744
0.310576
0.306532
0.326527
0.325485
0.325485
0.316187
0.345443
0.373055
0.344337
0.394110
0.460731
0.386662
0.355399
0.334232
0.300531
0.309568
0.310640
0.319384
0.287310
0.304606
0.322839
0.322839
0.322839
0.223858
0.202128
0.202128
0.202128
0.186845
0.169844
0.157201
0.142122
0.167709
0.177385
0.177385
0.171166
0.151760
0.134031
0.134539
0.134351
0.117985
0.123457
0.141478
0.141478
0.133763
0.156401
0.177880
0.175877
0.148612
0.149195
0.149195
0.182881
0.182881
0.187842
0.164191
0.180371
0.176945
0.153855
0.167979
0.164202
0.162845
0.184397
0.184397
0.184397
0.177232
0.177326
0.178254
0.160721
0.159542
0.146573
0.202408
0.165283
0.146370
0.159980
0.182736
0.222479
0.191094
0.168209
0.135637
0.140044
0.144755
0.118788
0.112162
0.112162
0.094326
0.117337
0.102902
0.103027
0.071673
0.066813
0.092984
0.116737
0.116737
0.116737
0.192757
0.195743
0.196792
0.198709
0.144369
0.123134
0.123134
0.091981
0.075773
0.103447
0.082752
0.081225
0.103437
0.103437
0.114556
0.101684
0.137039
0.137039
0.130385
0.140869
0.144796
0.159273
0.159273
0.180703
0.164731
0.123129
0.099925
0.090961
0.105507
0.105909
0.133191
0.133191
0.159517
0.119792
0.127179
0.120667
0.127501
0.150733
0.150733
0.171030
0.175643
0.165070
0.148586
0.145067
0.198990
0.246075
0.289995
0.281696
0.297800
0.303405
0.314286
0.364254
0.375689
0.432719
0.428067
0.431942
0.414255
0.378723
0.395912
0.376227
0.437093
0.438123
0.383901
0.406219
0.408872
0.357740
0.312962
0.292587
0.339821
0.346727
0.314267
0.342078
0.371198
0.371198
0.371198
0.292736
0.316865
0.309575
0.309575
0.301222
0.327633
0.336707
0.336707
0.364618
0.364618
0.376729
0.394399
0.364404
0.413850
0.459634
0.472737
0.447951
0.536686
0.562261
0.564336
0.596706
0.596706
0.609001
0.611500
0.611500
0.655540
0.559958
0.559958
0.520653
0.511032
0.483055
0.483055
0.463455
0.500972
0.530301
0.528691
0.579932
0.556157
0.591330
0.591330
0.551811
0.499422
0.462716
0.462716
0.444104
0.455857
0.389157
0.418679
0.387604
0.423800
0.392302
0.360336
0.360336
0.360336
0.419362
0.436212
0.351378
0.360255
0.360255
0.378005
0.364103
0.299080
0.251462
0.239007
0.211103
0.211103
0.192879
0.239884
0.224546
0.261207
0.250231
0.250231
0.251867
0.293002
0.282071
0.299384
0.320443
0.313496
0.317455
0.302866
0.292336
0.371762
0.409405
0.408890
0.470001
0.415003
0.411458
0.463060
0.421069
0.485033
0.477620
0.520005
0.540804
0.608250
0.597639
0.490602
0.449861
0.427669
0.420186
0.420186
0.461561
0.475388
0.475388
0.475388
0.513992
0.513992
0.462686
0.401309
0.471028
0.513769
0.449398
0.458147
0.458147
0.503480
0.464809
0.464809
0.494294
0.481043
0.417374
0.358629
0.437562
0.488885
0.542689
0.542689
0.544272
0.518348
0.547328
0.534503
0.491187
0.480304
0.419135
0.405251
0.464619
0.463582
0.424546
0.342937
0.356023
0.444687
0.468251
0.387566
0.346457
0.338747
0.338747
0.338747
0.350656
0.335518
0.337860
0.395872
0.423786
0.431797
0.456402
0.468600
0.460679
0.374451
0.363076
0.344324
0.357570
0.308739
0.290898
0.263491
0.275039
0.275039
0.278176
0.298591
0.254487
0.215347
0.262842
0.215205
0.293529
0.321603
0.361054
0.361054
0.286535
0.286535
0.230639
0.219535
0.168558
0.219243
0.219243
0.189592
0.189592
0.203916
0.223003
0.237077
0.208057
0.189524
0.192948
0.213328
0.213328
0.190223
0.176560
0.150368
0.192129
0.184108
0.155539
0.133667
0.142708
0.166522
0.163635
0.177435
0.181249
0.205488
0.205488
0.210341
0.247554
0.234651
0.245970
0.250134
0.267115
0.272925
0.266758
0.296664
0.299015
0.288913
0.263606
0.238887
0.262653
0.290114
0.317074
0.317074
0.346737
0.324215
0.324215
0.290148
0.299686
0.339982
0.348994
0.348994
0.342746
0.345006
0.370593
0.391447
0.401823
0.401823
0.401823
0.334702
0.289579
0.306284
0.306284
0.245284
0.239041
0.208297
0.206484
0.216956
0.216956
0.246335
0.246335
0.204977
0.195168
0.194342
0.220487
0.269301
0.259386
0.278749
0.269213
0.335980
0.291146
0.338453
0.310245
0.310245
0.327290
0.316734
0.310379
0.371110
0.453488
0.453488
0.453488
0.442932
0.514213
0.595771
0.523841
0.425971
0.448722
0.401553
0.418018
0.387102
0.470309
0.435594
0.435594
0.460560
0.427131
0.454235
0.459498
0.453613
0.450669
0.490159
0.509471
0.536616
0.536616
0.572159
0.635877
0.643312
0.675431
0.646914
0.660574
0.682478
0.682478
0.594351
0.480015
0.452942
0.495550
0.484015
0.478741
0.469071
0.425694
0.360836
0.360836
0.360836
0.333939
0.361277
0.343356
0.312586
0.360186
0.360186
0.360186
0.360186
0.348040
0.277103
0.273428
0.263424
0.263424
0.234349
0.263831
0.220393
0.267187
0.267187
0.267187
0.262866
0.237621
0.237621
0.239180
0.247252
0.258896
0.233566
0.251373
0.251373
0.251373
0.251373
0.192567
0.191676
0.217647
0.216787
0.221133
0.224101
0.224101
0.225083
0.185544
0.249660
0.296775
0.283664
0.269104
0.309623
0.273407
0.276939
0.304547
0.285106
0.285106
0.315025
0.378417
0.387337
0.365909
0.365909
0.372035
0.401504
0.349418
0.349418
0.429338
0.360892
0.336189
0.353427
0.406412
0.362817
0.371332
0.341403
0.322322
0.345308
0.345900
0.312589
0.318464
0.329519
0.390652
0.449238
0.449238
0.465681
0.463722
0.559842
0.527409
0.527409
0.470180
0.470180
0.428241
0.426167
0.394526
0.401991
0.439329
0.423623
0.430771
0.430771
0.382964
0.382964
0.352398
0.322886
0.351255
0.413337
0.369074
0.369074
0.369074
0.338131
0.303563
0.303563
0.337071
0.385901
0.389893
0.389893
0.433270
0.440585
0.440585
0.396264
0.396264
0.366185
0.339015
0.392353
0.392353
0.395398
0.395398
0.395398
0.336707
0.348774
0.359764
0.382856
0.398343
0.378905
0.350265
0.350265
0.386326
0.413036
0.391646
0.353878
0.365924
0.442663
0.451602
0.446749
0.440956
0.383653
0.397252
0.412893
0.412893
0.415161
0.419570
0.455392
0.540464
0.635925
0.619670
0.587301
0.587301
0.582320
0.619482
0.619482
0.535284
0.504203
0.511894
0.522928
0.481522
0.473044
0.397714
0.335939
0.333090
0.278997
0.249130
0.266686
0.266686
0.255153
0.343426
0.315670
0.315670
0.268420
0.261386
0.283070
0.304998
0.344820
0.371192
0.367201
0.368994
0.340392
0.350738
0.360053
0.347070
0.367311
0.381382
0.381382
0.381382
0.377448
0.393536
0.393536
0.453897
0.453897
0.451523
0.460606
0.459964
0.451959
0.404618
0.404618
0.382153
0.440931
0.403896
0.403896
0.424686
0.414446
0.371961
0.359075
0.383514
0.431111
0.419458
0.438542
0.403147
0.418593
0.408299
0.400766
0.408306
0.409221
0.340410
0.340410
0.359930
0.347401
0.330671
0.317930
0.253745
0.227840
0.227840
0.173074
0.195101
0.195101
0.225090
0.237431
0.301075
0.372388
0.394593
0.345070
0.329582
0.336092
0.336092
0.366626
0.394434
0.365428
0.379838
0.435803
0.416720
0.461956
0.467251
0.426387
0.383922
0.390669
0.407356
0.381181
0.344909
0.344909
0.306095
0.284992
0.306004
0.290177
0.290884
0.277525
0.318763
0.287248
0.246378
0.276423
0.315559
0.315559
0.315559
0.304770
0.289148
0.289148
0.291313
0.262342
0.242764
0.224402
0.284949
0.323800
0.387490
0.351509
0.341724
0.341902
0.323853
0.342011
0.369690
0.348369
0.234386
0.229947
0.299755
0.277297
0.266699
0.291385
0.304973
0.302071
0.269118
0.302095
0.316941
0.324023
0.336748
0.384608
0.390353
0.343620
0.346882
0.354324
0.307943
0.333521
0.368303
0.317479
0.334684
0.230302
0.223352
0.293298
0.293758
0.280855
0.294624
0.298388
0.314529
0.341557
0.293724
0.263374
0.241452
0.232827
0.232827
0.235316
0.247268
0.315460
0.299151
0.299151
0.308068
0.286370
0.342203
0.306281
0.260391
0.228667
0.257108
0.239399
0.230214
0.261576
0.236306
0.255706
0.247887
0.247887
0.242100
0.259073
0.215833
0.155970
0.188128
0.188128
0.200893
0.204941
0.204941
0.190171
0.193983
0.192126
0.229294
0.229294
0.273352
0.293669
0.281677
0.325715
0.313166
0.313166
0.280035
0.249436
0.249436
0.198436
0.217738
0.239047
0.261918
0.282139
0.282139
0.233299
0.207409
0.234300
0.263914
0.257600
0.270436
0.270436
0.273598
0.273361
0.313774
0.366659
0.418226
0.419729
0.441393
0.393344
0.426773
0.418358
0.463776
0.401561
0.398961
0.398961
0.379017
0.332333
0.278060
0.278060
0.244041
0.234270
0.234214
0.245033
0.241873
0.259079
0.268475
0.338806
0.364647
0.334997
0.298473
0.291719
0.291719
0.333333
0.333333
0.251897
0.251897
0.233567
0.236421
0.241854
0.229330
0.241861
0.253064
0.264633
0.268401
0.269627
0.229776
0.188861
0.188861
0.230896
0.254015
0.233302
0.218681
0.218681
0.214459
0.211805
0.211805
0.236809
0.253072
0.240445
0.229386
0.199596
0.151284
0.155101
0.144327
0.119044
0.119482
0.152086
0.180253
0.197029
0.238782
0.238782
0.274152
0.310576
0.310576
0.381031
0.432153
0.435953
0.422657
0.436545
0.436545
0.435661
0.435661
0.417132
0.372165
0.373067
0.450716
0.416888
0.377412
0.377412
0.336629
0.410455
0.377872
0.349106
0.306383
0.306383
0.274942
0.305664
0.325534
0.300116
0.295707
0.257729
0.264918
0.216813
0.226133
0.180208
0.191839
0.165284
0.181083
0.191848
0.210419
0.210419
0.197179
0.188028
0.188028
0.178866
0.221723
0.191562
0.230544
0.215442
0.215442
0.215442
0.135961
0.145979
0.145979
0.182837
0.215507
0.208793
0.232920
0.232920
0.298505
0.298505
0.260638
0.276105
0.276105
0.273930
0.273930
0.256694
0.256694
0.262635
0.269485
0.283606
0.269872
0.232734
0.233524
0.197775
0.209714
0.209714
0.209714
0.213906
0.244839
0.197334
0.197334
0.191071
0.194507
0.156262
0.120246
0.092730
0.067849
0.068953
0.080239
0.084591
0.074473
0.074473
0.104100
0.104100
0.128651
0.138206
0.124015
0.149093
0.165616
0.176288
0.153233
0.167654
0.162872
0.162872
0.152158
0.143360
0.119752
0.123080
0.141482
0.141482
0.158336
0.185168
0.206077
0.237668
0.273195
0.319093
0.338889
0.289740
0.280818
0.210146
0.218965
0.225617
0.176456
0.204312
0.252462
0.307208
0.299819
0.330379
0.315038
0.272214
0.272214
0.275987
0.314544
0.351098
0.317062
0.279154
0.279154
0.299357
0.322993
0.293175
0.282840
0.248042
0.250026
0.260952
0.240110
0.274244
0.333158
0.335811
0.335836
0.297633
0.279089
0.279089
0.281860
0.281860
0.295499
0.291607
0.316634
0.320876
0.312988
0.321351
0.294526
0.254119
0.253832
0.246867
0.211236
0.223523
0.223523
0.221006
0.221006
0.249190
0.207837
0.191795
0.201917
0.213246
0.200900
0.226717
0.248103
0.279616
0.275264
0.216385
0.216385
0.258699
0.265298
0.295496
0.240364
0.240586
0.251184
0.236789
0.247950
0.271573
0.221379
0.166456
0.215177
0.225634
0.260563
0.273702
0.336684
0.336684
0.344174
0.284138
0.272922
0.282929
0.304875
0.304875
0.307285
0.277838
0.277838
0.251985
0.279718
0.253124
0.243212
0.215915
0.188809
0.200591
0.184221
0.224877
0.249928
0.249928
0.306460
0.300738
0.301184
0.272120
0.246520
0.259935
0.330697
0.372727
0.418767
0.334344
0.328520
0.279963
0.271537
0.255049
0.272053
0.252800
0.263729
0.257176
0.268245
0.259415
0.251982
0.223481
0.182207
0.245722
0.241930
0.200216
0.244127
0.279260
0.276106
0.263667
0.271482
0.221796
0.204757
0.204757
0.198138
0.209584
0.237788
0.227113
0.174249
0.145759
0.134052
0.165496
0.166436
0.150645
0.114709
0.114709
0.110935
0.110935
0.101665
0.114323
0.094830
0.086697
0.095035
0.103116
0.085647
0.121795
0.121795
0.152873
0.142836
0.132681
0.196850
0.199908
0.208683
0.192423
0.165559
0.132391
0.106265
0.106265
0.121407
0.141006
0.141006
0.112564
0.124391
0.170938
0.146580
0.140380
0.148046
0.150026
0.162026
0.112497
0.140420
0.180347
0.180347
0.169025
0.147901
0.167195
0.165633
0.195303
0.195303
0.169627
0.145696
0.137979
0.098395
0.076153
0.071988
0.060234
0.060234
0.081847
0.088776
0.088776
0.093193
0.093193
0.107632
0.091732
0.108561
0.083111
0.096673
0.125681
0.109557
0.101386
0.086679
0.086679
0.104969
0.092199
0.115808
0.147958
0.154127
0.154127
0.195822
0.192594
0.176797
0.224371
0.224371
0.234123
0.214758
0.217345
0.189283
0.183067
0.189369
0.189369
0.189369
0.241226
0.241226
0.228253
0.223637
0.187781
0.190048
0.213221
0.200673
0.196593
0.172341
0.172341
0.164221
0.151688
0.151688
0.159192
0.159192
0.199764
0.199764
0.199764
0.199764
0.204956
0.201292
0.194690
0.188050
0.174601
0.182982
0.182982
0.185978
0.176647
0.167699
0.170336
0.209344
0.199681
0.212631
0.222197
0.264604
0.213830
0.273439
0.306572
0.306572
0.323752
0.279371
0.274535
0.286945
0.301632
0.298786
0.312492
0.320700
0.372513
0.372892
0.332345
0.298893
0.336884
0.382473
0.432610
0.434590
0.434909
0.515782
0.508964
0.485391
0.478653
0.492256
0.461357
0.484917
0.475919
0.457156
0.511667
0.511667
0.567835
0.567835
0.470411
0.470411
0.445776
0.421460
0.348094
0.335944
0.321345
0.332886
0.377854
0.361764
0.368374
0.376456
0.447966
0.461580
0.461580
0.461580
0.415676
0.428664
0.428664
0.312391
0.241190
0.231332
0.231332
0.231332
0.225400
0.235250
0.207357
0.187333
0.202312
0.214018
0.166623
0.164952
0.160740
0.141985
0.134676
0.138466
0.142726
0.135569
0.119887
0.110460
0.118488
0.145273
0.145273
0.106230
0.106230
0.080494
0.080494
0.065325
0.057993
0.049942
0.082809
0.082809
0.105995
0.121020
0.121020
0.120392
0.120392
0.129985
0.134006
0.109349
0.093787
0.125820
0.135100
0.152123
0.152442
0.170973
0.152016
0.152016
0.159271
0.194328
0.221566
0.221566
0.229429
0.203991
0.219346
0.216751
0.216751
0.232220
0.231135
0.231135
0.192688
0.188966
0.209216
0.209216
0.207180
0.259373
0.296887
0.296887
0.330848
0.344965
0.326060
0.314679
0.268273
0.268273
0.268273
0.264657
0.297319
0.290896
0.289238
0.315764
0.297314
0.267914
0.237790
0.244597
0.239251
0.270077
0.270077
0.238201
0.238201
0.224367
0.277742
0.253234
0.253992
0.260425
0.260425
0.267687
0.262682
0.266530
0.225082
0.225289
0.225289
0.225289
0.241864
0.257637
0.221661
0.195297
0.225971
0.196114
0.172852
0.132643
0.117387
0.131922
0.134679
0.106092
0.059558
0.064100
0.055538
0.083409
0.083409
0.081111
0.128382
0.121794
0.121794
0.098972
0.095258
0.092397
0.104920
0.109381
0.111914
0.111914
0.095453
0.087390
0.084518
0.074785
0.081167
0.067140
0.083307
0.073629
0.075568
0.088565
0.105996
0.138327
0.117786
0.103266
0.127501
0.105479
0.099659
0.086646
0.091153
0.074206
0.117504
0.117504
0.111411
0.121134
0.104820
0.111955
0.173760
0.149918
0.154859
0.183353
0.254535
0.254535
0.339159
0.323027
0.323027
0.315143
0.328772
0.313930
0.357979
0.357979
0.403192
0.436912
0.397523
0.394489
0.351102
0.368226
0.368226
0.319321
0.319321
0.291815
0.310821
0.336380
0.300686
0.354369
0.351938
0.337872
0.318412
0.324908
0.366480
0.318811
0.389062
0.389062
0.315351
0.308446
0.308443
0.315370
0.327683
0.372660
0.361006
0.337867
0.304485
0.250908
0.250908
0.260743
0.242438
0.218150
0.225551
0.228728
0.252640
0.279686
0.269734
0.218053
0.260506
0.296612
0.320335
0.379418
0.399870
0.335276
0.408192
0.436818
0.453587
0.475073
0.509339
0.470025
0.431373
0.461730
0.461730
0.439852
0.423612
0.470813
0.470813
0.468422
0.453207
0.434457
0.411526
0.422817
0.438534
0.452213
0.390653
0.406089
0.390372
0.405742
0.422966
0.437532
0.437532
0.457501
0.433733
0.455271
0.501309
0.487819
0.487819
0.548650
0.547941
0.567383
0.561262
0.499105
0.505797
0.429968
0.446725
0.472327
0.475504
0.525240
0.517470
0.417042
0.393660
0.387915
0.387915
0.387915
0.377800
0.377800
0.365464
0.341419
0.331037
0.268742
0.268742
0.234496
0.256916
0.263359
0.256281
0.244827
0.324957
0.334798
0.358971
0.334581
0.308664
0.308664
0.356288
0.296943
0.339821
0.290507
0.257282
0.310186
0.332025
0.371086
0.365959
0.321849
0.312434
0.333127
0.333301
0.269950
0.304491
0.252654
0.317070
0.337073
0.337073
0.317254
0.323691
0.357845
0.387398
0.395994
0.381710
0.406267
0.394716
0.397305
0.390046
0.399766
0.434896
0.459413
0.493363
0.465936
0.331738
0.292269
0.292269
0.251097
0.251097
0.263282
0.263282
0.263282
0.226399
0.240675
0.223833
0.213728
0.191515
0.209522
0.209522
0.246794
0.246794
0.313433
0.313433
0.309440
0.309440
0.311254
0.292726
0.325679
0.308186
0.279120
0.268741
0.268741
0.270910
0.300111
0.334428
0.303182
0.280188
0.273545
0.268451
0.254452
0.286140
0.305929
0.315644
0.294961
0.264999
0.244883
0.228771
0.364299
0.366316
0.366249
0.391097
0.375056
0.375056
0.322266
0.334739
0.365111
0.419661
0.420841
0.412126
0.382421
0.320083
0.290558
0.237751
0.281129
0.259798
0.257629
0.245231
0.213476
0.264031
0.218517
0.218517
0.218517
0.285192
0.256752
0.235823
0.235823
0.267329
0.271245
0.248461
0.324218
0.308005
0.328460
0.328460
0.323925
0.232126
0.199665
0.201733
0.219309
0.169088
0.157183
0.144272
0.114486
0.119746
0.115813
0.095226
0.095259
0.101223
0.088768
0.077147
0.091750
0.147316
0.169842
0.193543
0.238219
0.197219
0.197486
0.203458
0.197990
0.210725
0.155668
0.164135
0.151208
0.151208
0.153680
0.183473
0.160952
0.180185
0.162501
0.177103
0.234676
0.243312
0.271157
0.267478
0.300208
0.303472
0.303472
0.310340
0.242918
0.209211
0.209211
0.181349
0.189133
0.246950
0.230320
0.164158
0.218076
0.218076
0.225485
0.173110
0.156729
0.171800
0.162860
0.211448
0.219744
0.234158
0.234158
0.253589
0.213534
0.270331
0.270331
0.298715
0.266941
0.268865
0.243815
0.214426
0.214426
0.179532
0.117959
0.123934
0.123934
0.123934
0.144095
0.131815
0.162910
0.151085
0.169642
0.158441
0.153165
0.164881
0.161439
0.160531
0.157871
0.157871
0.183624
0.183624
0.209399
0.230793
0.240890
0.240937
0.288029
0.273954
0.305197
0.295753
0.295753
0.274963
0.293245
0.286352
0.297605
0.259218
0.260679
0.260679
0.271836
0.210590
0.223924
0.193526
0.141267
0.124553
0.127881
0.088420
0.085057
0.114828
0.143036
0.129681
0.129681
0.129681
0.169822
0.151083
0.130185
0.114962
0.131689
0.108783
0.132518
0.132518
0.132518
0.125394
0.125394
0.144620
0.143364
0.140213
0.071847
0.070770
0.081335
0.090093
0.066231
0.061098
0.068036
0.105297
0.105297
0.103331
0.126888
0.086404
0.086404
0.117974
0.132184
0.154942
0.186018
0.205539
0.180182
0.186684
0.205687
0.232062
0.244010
0.227404
0.226072
0.221964
0.227459
0.213921
0.212608
0.229039
0.240558
0.240707
0.309298
0.311138
0.296149
0.284548
0.284548
0.310735
0.267345
0.227571
0.179203
0.175934
0.146008
0.134134
0.134134
0.134134
0.126655
0.148505
0.162503
0.118425
0.096085
0.105471
0.100623
0.123278
0.126046
0.138637
0.139901
0.115352
0.129706
0.145040
0.148926
0.120434
0.152291
0.120041
0.130927
0.164217
0.173255
0.142676
0.125726
0.145390
0.157722
0.164125
0.177411
0.177411
0.158007
0.168917
0.168917
0.150391
0.178323
0.178323
0.164057
0.164057
0.142859
0.154437
0.171984
0.147607
0.165309
0.197893
0.203440
0.188161
0.184432
0.210344
0.216820
0.212143
0.212143
0.205945
0.205945
0.180635
0.148274
0.170135
0.199164
0.221487
0.228398
0.217424
0.217503
0.204006
0.231568
0.231568
0.231568
0.231568
0.230956
0.261568
0.261568
0.246589
0.236406
0.253035
0.296046
0.319945
0.335293
0.290096
0.237339
0.219385
0.250960
0.232556
0.186533
0.189386
0.160034
0.147239
0.155316
0.167280
0.192445
0.167223
0.214738
0.226457
0.214414
0.174536
0.174536
0.174536
0.156567
0.156567
0.164730
0.174333
0.179802
0.208216
0.260379
0.219452
0.183131
0.213291
0.220098
0.220638
0.168056
0.162223
0.162223
0.130752
0.155938
0.170065
0.152233
0.175113
0.172876
0.147628
0.182082
0.218894
0.218894
0.214882
0.214882
0.214882
0.226230
0.214484
0.244860
0.199365
0.227444
0.234919
0.269101
0.274198
0.234387
0.220395
0.254794
0.278329
0.274239
0.299225
0.273931
0.268841
0.272357
0.272357
0.246101
0.241994
0.241994
0.241395
0.252439
0.233156
0.297968
0.295405
0.253393
0.295103
0.248759
0.243153
0.256947
0.256947
0.239556
0.242924
0.220875
0.254155
0.255209
0.261073
0.252586
0.213283
0.224647
0.224647
0.223065
0.180664
0.172145
0.172145
0.194766
0.194766
0.186241
0.182836
0.169396
0.187330
0.203747
0.203747
0.203747
0.203747
0.233011
0.219904
0.225277
0.228982
0.215809
0.215809
0.239852
0.225706
0.234356
0.237308
0.202612
0.199256
0.195199
0.249409
0.249409
0.199095
0.207727
0.207727
0.189516
0.206726
0.292098
0.281225
0.289032
0.314167
0.329413
0.350235
0.310698
0.346247
0.344178
0.357745
0.357745
0.309713
0.344560
0.310189
0.282133
0.294873
0.259551
0.232660
0.237482
0.242330
0.276721
0.299221
0.262897
0.280469
0.308362
0.365526
0.365526
0.328092
0.334364
0.303277
0.349300
0.349151
0.367232
0.394125
0.402109
0.402109
0.406106
0.406106
0.406106
0.437800
0.454738
0.399522
0.404293
0.363516
0.334730
0.319731
0.257336
0.247442
0.256319
0.200806
0.200806
0.216645
0.216645
0.203268
0.197407
0.216309
0.217250
0.257552
0.239529
0.236167
0.171070
0.158953
0.172264
0.160703
0.194587
0.187407
0.177749
0.194063
0.194063
0.236356
0.220442
0.230394
0.205225
0.177326
0.168658
0.163836
0.154651
0.135250
0.118999
0.122435
0.116997
0.105295
0.105295
0.104141
0.096785
0.110400
0.142666
0.142666
0.142666
0.142666
0.164308
0.164308
0.173544
0.173544
0.173544
0.170731
0.211997
0.184759
0.184512
0.140730
0.148242
0.180744
0.214776
0.214776
0.208642
0.206982
0.211730
0.211730
0.203651
0.205585
0.217359
0.220699
0.242118
0.194960
0.189519
0.185023
0.185023
0.178932
0.183330
0.215044
0.210711
0.185008
0.195676
0.189556
0.172017
0.186309
0.225318
0.211437
0.233136
0.233136
0.190570
0.214704
0.255519
0.269760
0.318254
0.318254
0.298166
0.298166
0.298166
0.303488
0.333157
0.322129
0.322129
0.284276
0.287873
0.301537
0.301537
0.291925
0.291925
0.242536
0.223411
0.240562
0.251311
0.278636
0.302249
0.248176
0.248176
0.221991
0.235287
0.272992
0.312309
0.312309
0.369520
0.356869
0.369277
0.323162
0.323162
0.276257
0.276257
0.269601
0.349089
0.321264
0.272421
0.281809
0.234072
0.300800
0.304953
0.304953
0.340886
0.375568
0.342687
0.342687
0.343501
0.270205
0.318458
0.294071
0.314482
0.314482
0.257422
0.317255
0.362349
0.394686
0.376113
0.355353
0.410635
0.359164
0.353445
0.348069
0.378068
0.359848
0.398917
0.372870
0.329811
0.324146
0.324146
0.323415
0.314990
0.277426
0.298665
0.298665
0.281319
0.265904
0.296404
0.307060
0.304987
0.305412
0.262170
0.241127
0.223437
0.223437
0.234967
0.258102
0.275749
0.298000
0.254124
0.236220
0.252166
0.267195
0.226271
0.207670
0.198902
0.198902
0.185696
0.186678
0.158191
0.143764
0.160484
0.156849
0.167663
0.174463
0.185319
0.192375
0.200706
0.227990
0.246579
0.227879
0.247231
0.231420
0.221070
0.240821
0.293905
0.267744
0.280772
0.289853
0.278992
0.254540
0.282381
0.287425
0.314839
0.245494
0.268150
0.316148
0.316148
0.316148
0.318348
0.292314
0.289302
0.291373
0.264223
0.288459
0.292340
0.302084
0.270851
0.217945
0.220583
0.175956
0.187553
0.187553
0.130830
0.103603
0.120413
0.138803
0.132775
0.151862
0.151882
0.163336
0.145949
0.145949
0.100410
0.100410
0.100410
0.082083
0.086418
0.083962
0.083962
0.077719
0.077719
0.068998
0.071388
0.053353
0.044469
0.041249
0.060134
0.062299
0.056517
0.061382
0.053837
0.052564
0.052513
0.029118
0.029118
0.040653
0.056684
0.051706
0.051706
0.067910
0.077184
0.098895
0.115514
0.114101
0.114101
0.098036
0.112878
0.125194
0.134711
0.165680
0.178006
0.215354
0.175646
0.170059
0.187231
0.212008
0.185439
0.182977
0.194030
0.180112
0.211109
0.163785
0.188455
0.196738
0.196738
0.196738
0.241338
0.273274
0.273274
0.273274
0.289491
0.237829
0.253494
0.271180
0.271180
0.285533
0.294046
0.289691
0.361087
0.361087
0.347385
0.296301
0.304388
0.342918
0.351737
0.351737
0.359288
0.336482
0.336482
0.337489
0.334325
0.334325
0.230641
0.200773
0.229623
0.200798
0.200798
0.240334
0.200444
0.212412
0.263522
0.326960
0.309812
0.316596
0.316596
0.301485
0.279368
0.305241
0.323273
0.371257
0.315845
0.304844
0.294134
0.312640
0.324848
0.330201
0.359039
0.322546
0.322546
0.336017
0.387611
0.387611
0.425230
0.366151
0.287344
0.332349
0.319980
0.282445
0.306511
0.307441
0.249431
0.249431
0.231856
0.196963
0.196963
0.193413
0.217348
0.217348
0.217348
0.238633
0.266883
0.275389
0.285166
0.319992
0.330878
0.325649
0.293360
0.293115
0.295654
0.293057
0.369330
0.401230
0.444676
0.378094
0.364622
0.403244
0.418870
0.418870
0.427975
0.431804
0.431804
0.438185
0.423070
0.365401
0.416679
0.416679
0.412212
0.417586
0.389471
0.375363
0.333858
0.289562
0.226499
0.256051
0.261549
0.311522
0.329867
0.311345
0.311345
0.280343
0.253099
0.249473
0.264923
0.264923
0.334089
0.339082
0.317409
0.344290
0.316635
0.322068
0.321473
0.333300
0.333300
0.351829
0.311023
0.318679
0.318679
0.320247
0.320247
0.320404
0.303884
0.303884
0.285394
0.259363
0.236764
0.267606
0.232921
0.262082
0.223581
0.243800
0.243800
0.243255
0.238242
0.210745
0.210745
0.231240
0.226175
0.226175
0.253146
0.270861
0.288268
0.288268
0.280913
0.266247
0.266247
0.266247
0.258095
0.219355
0.219355
0.290117
0.231908
0.241562
0.235604
0.213118
0.268266
0.261828
0.289242
0.289242
0.273694
0.247981
0.285226
0.304295
0.284377
0.244029
0.257066
0.290162
0.290162
0.284639
0.284639
0.317991
0.294105
0.283906
0.277110
0.292432
0.281444
0.283496
0.305958
0.316787
0.299082
0.317553
0.320156
0.340610
0.320281
0.318187
0.318187
0.374339
0.437028
0.422408
0.464910
0.464910
0.422371
0.320002
0.238122
0.202928
0.213977
0.211697
0.249095
0.233247
0.233247
0.230250
0.287619
0.209809
0.209809
0.241360
0.241360
0.224577
0.168577
0.179117
0.199934
0.237549
0.231332
0.190275
0.167757
0.183064
0.187192
0.207512
0.211042
0.181822
0.181822
0.189309
0.151789
0.156719
0.172755
0.192496
0.165359
0.246076
0.216823
0.216823
0.216823
0.204569
0.169171
0.169171
0.192150
0.213163
0.214452
0.210493
0.212831
0.208050
0.259393
0.230916
0.230916
0.234189
0.234189
0.218351
0.218351
0.218041
0.245560
0.211324
0.226642
0.224284
0.182641
0.183229
0.183229
0.168047
0.148926
0.146555
0.120278
0.151453
0.179371
0.241798
0.244351
0.235499
0.237277
0.253760
0.220549
0.220549
0.245133
0.238344
0.194843
0.178587
0.191967
0.175629
0.148915
0.141984
0.141984
0.197834
0.239613
0.249570
0.249570
0.213214
0.199520
0.206107
0.207718
0.207718
0.210763
0.258999
0.270758
0.270758
0.308295
0.312338
0.364406
0.402556
0.402556
0.383896
0.332317
0.302565
0.358108
0.404021
0.413712
0.413712
0.413712
0.433701
0.392058
0.395045
0.316052
0.333225
0.333225
0.364255
0.364255
0.320963
0.284533
0.284533
0.326675
0.337203
0.291344
0.305161
0.286872
0.277402
0.304211
0.306116
0.303144
0.281641
0.289766
0.289766
0.272908
0.231057
0.262051
0.323711
0.323711
0.327498
0.287541
0.282899
0.339168
0.318707
0.332871
0.332871
0.332871
0.337828
0.330586
0.273603
0.283263
0.328060
0.366214
0.366214
0.356375
0.383139
0.357981
0.311139
0.283559
0.271192
0.265530
0.271184
0.240153
0.240153
0.202924
0.190144
0.218060
0.189734
0.182607
0.185547
0.178861
0.204471
0.236906
0.228256
0.217650
0.217650
0.255506
0.330379
0.351381
0.351381
0.344272
0.341820
0.341820
0.361056
0.361056
0.453688
0.423765
0.401863
0.426117
0.491063
0.490209
0.490209
0.522246
0.474324
0.445278
0.445278
0.421002
0.431486
0.412537
0.406804
0.455552
0.440505
0.344367
0.324590
0.327125
0.354449
0.383641
0.435691
0.345104
0.293822
0.310133
0.310133
0.276565
0.291551
0.280443
0.273633
0.263946
0.263946
0.288960
0.267303
0.281713
0.301282
0.276440
0.268904
0.268904
0.283262
0.300111
0.268682
0.289302
0.320352
0.320352
0.316180
0.250561
0.259292
0.275529
0.275529
0.320910
0.291248
0.305432
0.302669
0.284777
0.259078
0.219490
0.219490
0.219602
0.211539
0.197295
0.170407
0.142610
0.156615
0.162447
0.152710
0.155432
0.135663
0.162791
0.135252
0.136459
0.136459
0.136459
0.125209
0.123303
0.109695
0.109695
0.077025
0.088567
0.079222
0.088532
0.103153
0.094346
0.094389
0.098304
0.100516
0.122289
0.118021
0.162096
0.153593
0.139696
0.139696
0.155221
0.155221
0.172883
0.170187
0.187370
0.213948
0.166074
0.190193
0.193977
0.173631
0.154852
0.167077
0.150667
0.175371
0.118003
0.166688
0.183787
0.167570
0.201026
0.201026
0.187215
0.187215
0.182548
0.182548
0.164550
0.174161
0.204101
0.204101
0.219240
0.251138
0.268022
0.302294
0.275700
0.268461
0.288447
0.279228
0.265328
0.291627
0.334332
0.308406
0.344960
0.355062
0.318036
0.274760
0.244163
0.228387
0.273308
0.274374
0.238893
0.210561
0.210923
0.184461
0.172452
0.207795
0.181213
0.187525
0.218753
0.221078
0.249487
0.246921
0.303998
0.323453
0.350472
0.305830
0.305830
0.253774
0.253774
0.228506
0.231540
0.223413
0.214086
0.229714
0.249989
0.272452
0.204271
0.199283
0.158408
0.141499
0.128747
0.122117
0.127228
0.117613
0.081474
0.091389
0.109355
0.083612
0.121848
0.142958
0.146220
0.116966
0.126457
0.144938
0.179210
0.179210
0.166817
0.182456
0.182456
0.203469
0.180890
0.215582
0.159173
0.174877
0.158952
0.214208
0.214208
0.214021
0.175743
0.195549
0.236033
0.240185
0.254165
0.245861
0.183518
0.165526
0.165526
0.162934
0.185989
0.156025
0.166321
0.155143
0.155143
0.173389
0.178293
0.226869
0.274775
0.292522
0.348396
0.322128
0.307214
0.307214
0.277367
0.315730
0.315730
0.318021
0.330815
0.330815
0.331272
0.303599
0.303599
0.269524
0.277015
0.221365
0.199302
0.248607
0.282663
0.292941
0.276512
0.276512
0.276512
0.214895
0.210964
0.261261
0.233999
0.210164
0.171060
0.196835
0.168203
0.180982
0.153364
0.146194
0.133374
0.144635
0.119984
0.124807
0.106863
0.130109
0.137960
0.137960
0.152874
0.147796
0.147796
0.157122
0.172091
0.170200
0.151986
0.151986
0.158347
0.166492
0.182328
0.207931
0.169350
0.169350
0.186747
0.196947
0.239359
0.239359
0.239359
0.293436
0.370703
0.430981
0.437908
0.415347
0.415347
0.438084
0.438084
0.438084
0.417656
0.377494
0.385447
0.320705
0.307968
0.355384
0.417277
0.450842
0.469900
0.485941
0.490613
0.490613
0.493533
0.486298
0.421312
0.468209
0.459658
0.459658
0.542506
0.528236
0.475492
0.425707
0.386610
0.386610
0.388770
0.388770
0.372793
0.321260
0.340361
0.337602
0.337602
0.370447
0.370447
0.339152
0.317787
0.334362
0.354976
